0 0.413821 0.016858 0.028202 0.018370
0 0.413872 0.016891 0.028450 0.018150
0 0.592847 0.021622 0.023883 0.022554
0 0.414083 0.034246 0.025890 0.021579
0 0.413184 0.053710 0.029319 0.020198
0 0.736937 0.055481 0.016204 0.034981
0 0.767096 0.077964 0.016584 0.035951
0 0.571499 0.109621 0.041822 0.039315
0 0.625820 0.113487 0.041782 0.028009
0 0.521431 0.118024 0.029390 0.020844
0 0.337657 0.120463 0.030960 0.021095
0 0.016190 0.122123 0.032007 0.024722
0 0.133490 0.170456 0.019653 0.042004
0 0.978328 0.191093 0.041867 0.027262
0 0.539390 0.196576 0.023209 0.025518
0 0.391015 0.200651 0.028586 0.025023
0 0.262035 0.203486 0.044794 0.029032
0 0.497081 0.209795 0.013590 0.027804
0 0.542281 0.263630 0.015427 0.032494
0 0.561052 0.273014 0.015113 0.034097
0 0.097053 0.337463 0.021850 0.041657
0 0.342369 0.385036 0.035161 0.027602
0 0.387584 0.413991 0.039550 0.028522
0 0.348584 0.416107 0.033433 0.023007
0 0.883674 0.781523 0.027838 0.062788
