0 0.333065 0.040538 0.027045 0.044481
0 0.646541 0.109602 0.007713 0.013488
0 0.578877 0.143484 0.031382 0.015375
0 0.408823 0.150481 0.030812 0.021339
0 0.608476 0.155750 0.029990 0.027026
0 0.408310 0.171481 0.028235 0.022845
0 0.408160 0.194729 0.032378 0.022622
0 0.766568 0.196755 0.018448 0.039213
0 0.801431 0.229290 0.019818 0.042789
0 0.584015 0.264943 0.046362 0.040618
0 0.644160 0.269621 0.046615 0.028583
0 0.527862 0.273483 0.032434 0.022549
0 0.323795 0.276134 0.034107 0.022372
0 0.634024 0.369773 0.015014 0.021513
0 0.382236 0.376111 0.032373 0.026559
0 0.239451 0.377344 0.046151 0.030619
0 0.500727 0.390619 0.014487 0.036298
0 0.551343 0.452665 0.017014 0.048447
0 0.572668 0.469832 0.016706 0.038028
0 0.324601 0.611681 0.039991 0.031115
0 0.028120 0.635687 0.028720 0.065181
0 0.982606 0.643695 0.034130 0.028667
0 0.375552 0.650336 0.045278 0.029643
0 0.331097 0.650489 0.037741 0.025570
