0 0.765146 0.004412 0.016373 0.008825
0 0.373908 0.009141 0.028498 0.017836
0 0.837228 0.013575 0.033450 0.022954
0 0.297264 0.024146 0.030278 0.021228
0 0.838187 0.032011 0.031458 0.020405
0 0.844550 0.047379 0.029549 0.020723
0 0.857402 0.093595 0.034070 0.025051
0 0.865022 0.127201 0.029020 0.022571
0 0.274454 0.138346 0.032404 0.019472
0 0.269390 0.157652 0.029164 0.023372
0 0.876078 0.165406 0.031312 0.020550
0 0.265612 0.196293 0.032542 0.021694
0 0.894581 0.224241 0.032123 0.021369
0 0.257137 0.238017 0.034587 0.022941
0 0.252786 0.261007 0.036857 0.024019
0 0.245394 0.285744 0.036954 0.027373
0 0.418235 0.351109 0.026668 0.024271
0 0.729463 0.354454 0.035422 0.025343
0 0.685148 0.355484 0.045774 0.027751
0 0.726238 0.439179 0.034548 0.023889
