0 0.783346 0.024680 0.007736 0.013223
0 0.371896 0.047953 0.025113 0.020928
0 0.159748 0.061387 0.017239 0.033135
0 0.827376 0.121317 0.032073 0.021271
0 0.014606 0.126085 0.029052 0.099686
0 0.756383 0.145296 0.020860 0.041287
0 0.823519 0.174055 0.020881 0.037448
0 0.767336 0.197497 0.009382 0.021284
0 0.912757 0.229526 0.019513 0.019762
0 0.117759 0.255873 0.021898 0.045510
0 0.791399 0.278840 0.020930 0.046142
0 0.142901 0.286527 0.020369 0.040557
0 0.783345 0.338402 0.035712 0.024869
0 0.872015 0.347791 0.029737 0.054488
0 0.818347 0.369959 0.008405 0.012999
0 0.625969 0.622327 0.037690 0.026580
