0 0.057547 0.011929 0.025327 0.023857
0 0.649055 0.017434 0.011906 0.034097
0 0.116715 0.021167 0.021730 0.018478
0 0.931550 0.047177 0.014630 0.030078
0 0.086265 0.060792 0.023669 0.034419
0 0.972139 0.075797 0.022421 0.034768
0 0.569249 0.102618 0.033696 0.026341
0 0.003714 0.134039 0.007427 0.025855
0 0.386985 0.203977 0.061949 0.150242
0 0.950160 0.258744 0.037821 0.026400
0 0.490748 0.325882 0.032781 0.022904
0 0.085141 0.364785 0.168062 0.129152
0 0.412970 0.378211 0.035530 0.022724
0 0.305901 0.515400 0.036901 0.063468
