0 0.182157 0.003647 0.012105 0.007294
0 0.541737 0.055492 0.023804 0.024618
0 0.938808 0.055989 0.037405 0.024586
0 0.406302 0.056294 0.025934 0.022043
0 0.291897 0.057358 0.036768 0.025104
0 0.542603 0.109456 0.013608 0.028194
0 0.559135 0.116274 0.013390 0.031056
0 0.363254 0.203867 0.030989 0.023995
0 0.046069 0.220878 0.031051 0.022444
0 0.402837 0.227460 0.034100 0.024898
0 0.368341 0.229947 0.030068 0.022048
0 0.270921 0.293987 0.036751 0.077458
0 0.065781 0.398853 0.026860 0.055445
0 0.065815 0.399028 0.026774 0.055519
0 0.837824 0.522207 0.022788 0.051055
0 0.895781 0.833504 0.036900 0.103375
0 0.993477 0.929763 0.012613 0.065700
