0 0.371542 0.060472 0.028121 0.023112
0 0.087588 0.077084 0.022647 0.020501
0 0.407643 0.077795 0.030824 0.020263
0 0.407680 0.077878 0.030715 0.020149
0 0.376401 0.080307 0.027566 0.015613
0 0.108043 0.221203 0.022579 0.046293
0 0.668895 0.299464 0.088984 0.129701
0 0.050990 0.302601 0.020178 0.022607
0 0.795563 0.314042 0.019620 0.041887
0 0.840864 0.545089 0.031687 0.067178
0 0.742158 0.585651 0.100728 0.156434
0 0.870333 0.585831 0.021590 0.030618
0 0.854427 0.614903 0.023291 0.058263
0 0.933899 0.632879 0.029081 0.063644
