0 0.044142 0.010006 0.015670 0.020012
0 0.669472 0.010601 0.018239 0.021202
0 0.744407 0.036713 0.009365 0.014029
0 0.648619 0.093478 0.019971 0.038782
0 0.720540 0.135010 0.026250 0.041821
0 0.645452 0.142389 0.030688 0.022660
0 0.561315 0.204682 0.007240 0.009683
0 0.297250 0.323188 0.012208 0.021606
0 0.530958 0.392110 0.032692 0.028256
0 0.033506 0.454525 0.020484 0.048911
0 0.991589 0.458648 0.016394 0.043689
0 0.960929 0.471333 0.031917 0.050205
0 0.939824 0.476193 0.033035 0.051731
0 0.916103 0.478819 0.034611 0.053485
0 0.594443 0.640382 0.025555 0.075774
