0 0.954453 0.044833 0.019531 0.037524
0 0.183894 0.116060 0.030871 0.020846
0 0.457011 0.121791 0.016092 0.046022
0 0.456947 0.121864 0.015963 0.045492
0 0.979401 0.158932 0.024364 0.046034
0 0.213125 0.205218 0.007105 0.013135
0 0.441467 0.205260 0.030159 0.022172
0 0.304725 0.215646 0.030233 0.022052
0 0.443231 0.237175 0.031118 0.025324
0 0.371331 0.308701 0.094674 0.172456
0 0.460538 0.440696 0.035518 0.022543
0 0.270432 0.503503 0.036789 0.036005
0 0.180563 0.672000 0.044617 0.033014
0 0.734713 0.885521 0.023060 0.083632
0 0.248529 0.945467 0.090568 0.103095
