0 0.148313 0.036789 0.017919 0.041176
0 0.725142 0.056190 0.024611 0.026158
0 0.126787 0.111080 0.018925 0.037272
0 0.313901 0.147488 0.024195 0.033053
0 0.756092 0.147623 0.020664 0.043083
0 0.381592 0.148531 0.031412 0.041970
0 0.360669 0.148576 0.031490 0.045318
0 0.332495 0.151796 0.023827 0.030379
0 0.417577 0.154231 0.018166 0.048602
0 0.045631 0.186779 0.022541 0.029136
0 0.772429 0.237996 0.018153 0.041813
0 0.217371 0.352693 0.087445 0.047290
0 0.291886 0.364699 0.026544 0.044748
0 0.029631 0.563739 0.030503 0.065384
0 0.839903 0.595052 0.024844 0.053547
0 0.386418 0.596534 0.040509 0.026250
0 0.053741 0.655853 0.032966 0.064420
0 0.943760 0.928373 0.031952 0.077902
