0 0.379751 0.065789 0.038743 0.039474
0 0.386330 0.140899 0.024123 0.053728
0 0.328947 0.137610 0.017544 0.031798
0 0.437865 0.147478 0.019006 0.055921
0 0.375000 0.259320 0.033626 0.033991
0 0.587719 0.126096 0.021930 0.048246
0 0.621345 0.178728 0.020468 0.063596
0 0.772661 0.083333 0.036550 0.032895
0 0.919591 0.280154 0.023392 0.055921
0 0.739401 0.354715 0.051901 0.038377
0 0.813962 0.355263 0.051901 0.037281
0 0.490863 0.422149 0.037281 0.030702
0 0.554094 0.418860 0.032164 0.039474
0 0.491959 0.484101 0.035088 0.029605
0 0.646199 0.713268 0.024854 0.075658
0 0.429094 0.735197 0.040936 0.040570
0 0.236111 0.859649 0.036550 0.063596
0 0.297149 0.865132 0.027047 0.052632
0 0.332237 0.855811 0.037281 0.084430
0 0.375000 0.865132 0.033626 0.065789
0 0.434576 0.860197 0.031433 0.077851
0 0.469664 0.858553 0.032895 0.065789
0 0.506579 0.858004 0.035088 0.066886
0 0.554825 0.861294 0.039474 0.082237
