0 0.331482 0.013618 0.021864 0.027236
0 0.348383 0.015993 0.021464 0.024770
0 0.425641 0.019960 0.016260 0.038814
0 0.039415 0.038973 0.020076 0.032375
0 0.746244 0.090245 0.015411 0.036770
0 0.580559 0.118230 0.010627 0.016487
0 0.591930 0.139984 0.008683 0.011442
0 0.128619 0.166507 0.022195 0.046795
0 0.201877 0.199309 0.011081 0.017876
0 0.664977 0.265836 0.008387 0.016132
0 0.400001 0.319100 0.033794 0.023388
0 0.623170 0.325332 0.033847 0.029128
0 0.400301 0.343624 0.032852 0.025624
0 0.399115 0.372913 0.036231 0.024531
0 0.800046 0.374980 0.021224 0.045398
0 0.848705 0.458814 0.023737 0.053284
0 0.533181 0.471105 0.036212 0.024937
0 0.303105 0.474077 0.038660 0.025954
0 0.656724 0.595579 0.023010 0.026358
0 0.502341 0.630996 0.017773 0.057829
0 0.523564 0.631438 0.018585 0.053106
0 0.558491 0.683019 0.018676 0.021582
0 0.560324 0.713764 0.019435 0.042255
0 0.584557 0.728180 0.019460 0.042766
0 0.016676 0.855222 0.033335 0.078303
