0 0.347009 0.074164 0.017532 0.045247
0 0.684004 0.081906 0.005536 0.015693
0 0.619799 0.092802 0.014343 0.045703
0 0.820363 0.245167 0.048726 0.030174
0 0.569813 0.259572 0.020011 0.023072
0 0.952176 0.265492 0.036881 0.024054
0 0.832142 0.341093 0.042762 0.029134
0 0.832162 0.341099 0.043053 0.029377
0 0.907227 0.350511 0.042851 0.030071
0 0.743081 0.376169 0.016966 0.044238
0 0.762099 0.377940 0.017603 0.042509
0 0.608596 0.576690 0.015823 0.054313
0 0.342227 0.596529 0.048208 0.059738
0 0.119615 0.958765 0.033234 0.080688
