0 0.570423 0.024352 0.015969 0.019643
0 0.977478 0.049017 0.025399 0.038135
0 0.631261 0.052090 0.011650 0.033258
0 0.631279 0.052168 0.011723 0.033310
0 0.986922 0.089726 0.023244 0.045633
0 0.795222 0.102044 0.043957 0.028104
0 0.914026 0.117907 0.033080 0.021985
0 0.806705 0.180556 0.036967 0.026299
0 0.873847 0.187415 0.038670 0.026988
0 0.726487 0.207509 0.014754 0.032591
0 0.743375 0.207700 0.015318 0.029664
0 0.608390 0.374185 0.014155 0.044901
0 0.372581 0.390908 0.042216 0.051111
0 0.425532 0.637927 0.038435 0.027408
0 0.186216 0.683535 0.026449 0.068516
