0 0.277181 0.011792 0.035927 0.023584
0 0.819532 0.015170 0.026227 0.019919
0 0.404935 0.035863 0.008589 0.010946
0 0.392061 0.037205 0.007584 0.007657
0 0.272349 0.042880 0.030155 0.019280
0 0.830352 0.048475 0.028331 0.020204
0 0.268117 0.058970 0.026732 0.022816
0 0.265851 0.092771 0.030001 0.020515
0 0.847082 0.097636 0.029174 0.020461
0 0.258976 0.128631 0.032876 0.021187
0 0.255887 0.147346 0.032281 0.020854
0 0.249748 0.169874 0.034144 0.026163
0 0.697813 0.212913 0.032047 0.024788
0 0.657013 0.215234 0.041384 0.026714
0 0.695651 0.284066 0.031610 0.023340
0 0.021582 0.584709 0.025670 0.053744
0 0.310320 0.986782 0.054165 0.025201
