0 0.423715 0.112582 0.018043 0.058711
0 0.074534 0.119256 0.026800 0.026145
0 0.438671 0.122574 0.016909 0.037750
0 0.438744 0.122795 0.017124 0.037682
0 0.050521 0.167228 0.028356 0.028474
0 0.944701 0.167487 0.025160 0.048599
0 0.990708 0.206576 0.018148 0.039805
0 0.013754 0.212132 0.027447 0.041319
0 0.551920 0.253224 0.037616 0.025445
0 0.642119 0.357818 0.015659 0.047739
0 0.977295 0.436566 0.040810 0.030913
0 0.962568 0.483385 0.037941 0.020357
0 0.463735 0.534228 0.036308 0.024699
0 0.375039 0.604286 0.040777 0.024463
0 0.047520 0.604684 0.094553 0.132849
