0 0.036550 0.205044 0.026316 0.041667
0 0.077851 0.067982 0.027047 0.043860
0 0.395468 0.081140 0.036550 0.035088
0 0.446637 0.104715 0.030702 0.029605
0 0.430190 0.146382 0.019737 0.038377
0 0.486842 0.219846 0.020468 0.053728
0 0.435307 0.342105 0.037281 0.030702
0 0.645833 0.076754 0.015351 0.052632
0 0.619152 0.235746 0.016082 0.059211
0 0.658260 0.281250 0.018275 0.060307
0 0.701754 0.304276 0.020468 0.055921
0 0.666301 0.376096 0.019737 0.050439
0 0.747442 0.104715 0.028509 0.029605
0 0.800804 0.108553 0.021199 0.037281
0 0.841374 0.106908 0.032164 0.027412
0 0.889620 0.111294 0.023392 0.038377
0 0.870614 0.190241 0.038012 0.033991
0 0.803363 0.487939 0.048246 0.032895
0 0.867325 0.488487 0.051901 0.033991
0 0.535819 0.540570 0.036550 0.030702
0 0.604898 0.544408 0.037281 0.036184
0 0.555190 0.601974 0.038743 0.030702
0 0.535819 0.643640 0.032164 0.021930
0 0.708699 0.764254 0.025585 0.061404
0 0.714912 0.913377 0.026316 0.054825
0 0.452851 0.896930 0.048977 0.037281
