0 0.934796 0.018566 0.022666 0.036882
0 0.346912 0.050475 0.027871 0.020417
0 0.454318 0.088562 0.027902 0.021159
0 0.021738 0.108438 0.023985 0.038607
0 0.071021 0.126846 0.021677 0.034405
0 0.054127 0.161137 0.028931 0.051021
0 0.474369 0.251232 0.030823 0.021510
0 0.474319 0.251320 0.031119 0.021576
0 0.232938 0.435976 0.039121 0.027998
0 0.200645 0.559124 0.089514 0.146883
0 0.720329 0.589671 0.020494 0.063408
0 0.242190 0.599735 0.019009 0.050976
0 0.824668 0.879156 0.045590 0.032684
0 0.050667 0.973989 0.035363 0.048592
0 0.073398 0.986289 0.028663 0.025681
