0 0.354125 0.012278 0.011325 0.024556
0 0.097701 0.049199 0.019261 0.024965
0 0.199856 0.050241 0.083544 0.098894
0 0.309095 0.100556 0.032131 0.020844
0 0.296572 0.170989 0.071661 0.115405
0 0.700436 0.196039 0.015719 0.042667
0 0.396668 0.310285 0.036965 0.029652
0 0.433126 0.317614 0.031506 0.021804
0 0.437389 0.341814 0.033242 0.025812
0 0.778877 0.371011 0.032005 0.024172
0 0.194437 0.427512 0.021997 0.040481
0 0.246778 0.438184 0.066962 0.113902
0 0.211045 0.449493 0.021722 0.046125
0 0.227856 0.512325 0.028423 0.056565
0 0.082374 0.535600 0.046893 0.026954
0 0.179307 0.544450 0.050154 0.035329
0 0.370781 0.567959 0.036513 0.028741
0 0.031192 0.668950 0.062284 0.035200
0 0.175523 0.689176 0.042935 0.028246
