0 0.210161 0.158991 0.044591 0.026316
0 0.283260 0.156250 0.035819 0.031798
0 0.331871 0.148026 0.030702 0.052632
0 0.445175 0.171601 0.040936 0.031798
0 0.561404 0.184211 0.042398 0.035088
0 0.854167 0.228070 0.044591 0.028509
0 0.941520 0.224232 0.024854 0.031798
0 0.168129 0.240132 0.046784 0.030702
0 0.244518 0.251645 0.038743 0.031798
0 0.300073 0.253289 0.038743 0.028509
0 0.491228 0.277412 0.040936 0.032895
0 0.853070 0.329496 0.045322 0.033991
0 0.393275 0.358004 0.033626 0.033991
0 0.385965 0.394737 0.029240 0.032895
0 0.413743 0.394189 0.023392 0.049342
0 0.370980 0.418860 0.031433 0.017544
0 0.479532 0.580044 0.033626 0.050439
0 0.548611 0.586623 0.097222 0.043860
0 0.328582 0.625000 0.029971 0.039474
0 0.677266 0.467105 0.021199 0.061404
0 0.688596 0.825110 0.024854 0.062500
0 0.287646 0.925987 0.025585 0.082237
0 0.350512 0.942434 0.038743 0.077851
0 0.382310 0.936404 0.033626 0.076754
0 0.422515 0.933662 0.039474 0.069079
0 0.451754 0.946820 0.023392 0.069079
0 0.833333 0.932018 0.026316 0.065789
0 0.927632 0.940241 0.030702 0.082237
0 0.968567 0.479167 0.036550 0.059211
0 0.916301 0.593750 0.041667 0.036184
0 0.967471 0.378289 0.027047 0.059211
0 0.987573 0.377741 0.024854 0.058114
0 0.944079 0.482456 0.024123 0.087719
0 0.918860 0.642544 0.035088 0.046053
