0 0.680921 0.033991 0.019737 0.037281
0 0.682383 0.213816 0.022661 0.054825
0 0.906067 0.055921 0.032895 0.037281
0 0.935673 0.055921 0.029240 0.039474
0 0.964912 0.058662 0.026316 0.040570
0 0.886696 0.133224 0.033626 0.038377
0 0.922515 0.133772 0.030702 0.039474
0 0.037646 0.234101 0.024123 0.036184
0 0.377558 0.381579 0.022661 0.057018
0 0.423246 0.387061 0.036550 0.030702
0 0.450658 0.384320 0.029971 0.031798
0 0.483918 0.392544 0.030702 0.035088
0 0.514254 0.399671 0.029971 0.033991
0 0.403143 0.481360 0.031433 0.048246
0 0.403143 0.589912 0.031433 0.063596
0 0.471857 0.590461 0.022661 0.066886
0 0.728070 0.523575 0.021930 0.055921
0 0.675804 0.583333 0.022661 0.067982
0 0.677632 0.696820 0.019006 0.060307
0 0.735380 0.691338 0.021930 0.055921
0 0.678363 0.827303 0.024854 0.058114
0 0.904240 0.256031 0.045322 0.053728
0 0.872442 0.298794 0.034357 0.020833
0 0.805190 0.412281 0.022661 0.057018
0 0.867325 0.419956 0.027047 0.054825
0 0.916301 0.424890 0.031433 0.042763
0 0.932383 0.541118 0.040205 0.036184
0 0.436769 0.020285 0.059211 0.040570
0 0.445541 0.049890 0.037281 0.033991
0 0.424708 0.075658 0.052632 0.041667
