0 0.127059 0.022096 0.034471 0.043756
0 0.342057 0.141817 0.017295 0.022464
0 0.298543 0.174677 0.076154 0.120819
0 0.059618 0.175690 0.023988 0.034776
0 0.286911 0.244861 0.035504 0.025115
0 0.755181 0.292791 0.022188 0.021736
0 0.299451 0.369498 0.019014 0.048545
0 0.719203 0.374435 0.016959 0.050390
0 0.158451 0.681313 0.026750 0.061149
0 0.194707 0.767477 0.034914 0.072711
0 0.017631 0.780760 0.035075 0.032307
0 0.117317 0.798580 0.058057 0.041121
0 0.333859 0.837381 0.041550 0.033802
0 0.030663 0.972037 0.061021 0.048371
0 0.104117 0.984909 0.050987 0.028391
