0 0.218923 0.017921 0.016004 0.029377
0 0.804685 0.027413 0.017086 0.028451
0 0.911777 0.077611 0.063858 0.054696
0 0.874604 0.148875 0.033977 0.025485
0 0.847069 0.198587 0.021365 0.035713
0 0.375938 0.363380 0.017576 0.047319
0 0.010933 0.374330 0.010850 0.013361
0 0.013815 0.401926 0.021447 0.021636
0 0.930771 0.405389 0.042052 0.025343
0 0.936547 0.461004 0.023431 0.057024
0 0.782545 0.517972 0.043327 0.028081
0 0.954807 0.556575 0.048762 0.031712
0 0.818553 0.636371 0.044539 0.096319
0 0.952945 0.651063 0.031498 0.061004
