0 0.963633 0.051953 0.039379 0.025422
0 0.905236 0.053033 0.031447 0.024424
0 0.195205 0.163738 0.017883 0.034480
0 0.788120 0.172153 0.015799 0.020636
0 0.863307 0.230596 0.026967 0.051565
0 0.878866 0.302239 0.027117 0.051117
0 0.892291 0.348281 0.009731 0.014247
0 0.382352 0.350989 0.032289 0.023757
0 0.382220 0.351214 0.032079 0.023899
0 0.845615 0.456149 0.025751 0.023756
0 0.950651 0.506466 0.042006 0.027579
0 0.947491 0.587926 0.029751 0.057201
0 0.907383 0.759563 0.030262 0.070538
0 0.173344 0.779064 0.051663 0.028146
0 0.997623 0.853119 0.004379 0.020971
