0 0.082495 0.029591 0.033919 0.026049
0 0.014200 0.090243 0.028124 0.077132
0 0.051939 0.098642 0.085806 0.124635
0 0.372856 0.108777 0.016043 0.025512
0 0.758983 0.168817 0.017524 0.040828
0 0.440743 0.194987 0.016746 0.026297
0 0.181374 0.200801 0.021539 0.046265
0 0.110096 0.249304 0.022423 0.052610
0 0.085874 0.268977 0.022514 0.042796
0 0.833492 0.286452 0.007983 0.013108
0 0.785849 0.312696 0.023896 0.054030
0 0.293106 0.313018 0.027818 0.040468
0 0.368588 0.315690 0.034638 0.049121
0 0.345357 0.315744 0.035666 0.052545
0 0.314005 0.318781 0.027674 0.036725
0 0.408716 0.322832 0.020427 0.059029
0 0.805922 0.422923 0.021058 0.051075
0 0.083155 0.503492 0.030187 0.057266
0 0.179407 0.580378 0.100233 0.057015
0 0.264618 0.589167 0.030069 0.055575
0 0.892785 0.884619 0.030694 0.068421
