0 0.991289 0.069488 0.017097 0.026601
0 0.972915 0.083344 0.024624 0.026452
0 0.030604 0.091774 0.010689 0.011306
0 0.367851 0.099787 0.028374 0.031600
0 0.016576 0.101483 0.008730 0.008035
0 0.333818 0.122610 0.038238 0.038156
0 0.384272 0.159802 0.028842 0.030448
0 0.845404 0.212969 0.028679 0.037023
0 0.637402 0.323711 0.025024 0.040984
0 0.397616 0.345034 0.046670 0.049024
0 0.758298 0.354436 0.109532 0.148610
0 0.717572 0.391894 0.030603 0.039990
0 0.289012 0.420954 0.040017 0.035397
0 0.756199 0.447208 0.035768 0.043257
0 0.756216 0.447702 0.036119 0.044012
0 0.958684 0.608551 0.042090 0.051837
0 0.657754 0.645321 0.006138 0.009797
0 0.298836 0.660219 0.045119 0.052601
0 0.023681 0.687162 0.047361 0.054429
0 0.716782 0.889363 0.045242 0.086471
0 0.421042 0.903825 0.039445 0.073158
0 0.468998 0.918735 0.033257 0.066798
0 0.114037 0.933380 0.061395 0.071415
0 0.812655 0.946211 0.042088 0.054648
0 0.057877 0.973903 0.067568 0.050544
