0 0.752748 0.045853 0.006759 0.013016
0 0.752583 0.062467 0.006051 0.006886
0 0.882006 0.076766 0.037527 0.025580
0 0.847485 0.079029 0.026395 0.023753
0 0.194470 0.091111 0.017041 0.032415
0 0.764741 0.111141 0.009930 0.017074
0 0.846581 0.113955 0.017381 0.041706
0 0.722273 0.149885 0.032993 0.023663
0 0.857802 0.175444 0.038276 0.025136
0 0.561245 0.197005 0.035517 0.042625
0 0.746610 0.220130 0.033291 0.071781
0 0.852926 0.234037 0.022099 0.040074
0 0.894802 0.262120 0.017437 0.026643
0 0.122111 0.310465 0.026025 0.055475
0 0.983713 0.359540 0.032251 0.026877
0 0.855789 0.559047 0.020272 0.049290
0 0.952560 0.640446 0.040240 0.078453
0 0.977855 0.758179 0.038956 0.079863
0 0.231020 0.973621 0.048447 0.033031
