0 0.762609649122807 0.04523026315789474 0.05884502923976608 0.09046052631578948
0 0.7805646929824561 0.12919407894736842 0.0735562865497076 0.11694078947368422
0 0.8765533625730995 0.025057565789473685 0.1440058479532164 0.050112390350877195
0 0.9132858187134503 0.07239583333333334 0.12244152046783625 0.09791666666666668
0 0.9151133040935673 0.15393092105263156 0.11878654970760234 0.09925164473684209
0 0.9075292397660819 0.25138706140350875 0.18494152046783627 0.11050712719298249
0 0.8010325292397661 0.3386896929824561 0.08159722222222222 0.128859649122807
0 0.945906432748538 0.3509566885964912 0.10818713450292397 0.11090460526315787
0 0.9488760964912281 0.4635389254385965 0.10224780701754387 0.14007127192982458
0 0.8303179824561403 0.48259320175438597 0.07711988304093567 0.0877165570175438
0 0.8430190058479532 0.5901178728070176 0.09703947368421052 0.14240679824561403
0 0.9493329678362573 0.5901864035087719 0.10133406432748537 0.1356907894736842
0 0.8675986842105263 0.7518393640350878 0.133406432748538 0.19172697368421054
0 0.9737755847953217 0.7874725877192982 0.052448830409356724 0.14237938596491218
0 0.8888888888888888 0.9253015350877193 0.12298976608187134 0.1493969298245614
0 0.5154422514619883 0.9393503289473685 0.13450292397660818 0.12129934210526316
0 0.5565606725146199 0.7305646929824561 0.18019005847953215 0.15877192982456134
0 0.7294407894736842 0.7583196271929824 0.08369883040935673 0.09997532894736844
0 0.7177905701754386 0.4369819078947368 0.07410453216374269 0.15823190789473685
0 0.5319353070175439 0.44205592105263153 0.1446454678362573 0.1272587719298245
0 0.5319353070175439 0.5643530701754387 0.15195540935672514 0.1621491228070176
0 0.5602613304093568 0.3222615131578947 0.15012792397660818 0.12889802631578945
0 0.577485380116959 0.207453399122807 0.15442251461988304 0.11720942982456138
0 0.561860380116959 0.11077850877192982 0.09576023391812866 0.114375
0 0.5582510964912281 0.03620888157894737 0.09859283625730994 0.06939967105263159
0 0.2829861111111111 0.03435855263157895 0.12280701754385964 0.0687171052631579
0 0.03805738304093567 0.023399122807017544 0.07611476608187134 0.046795504385964914
0 0.08863304093567251 0.025315241228070173 0.05025584795321637 0.050630482456140345
0 0.03527046783625731 0.19956140350877194 0.07054093567251463 0.20723684210526316
0 0.14985380116959066 0.5096463815789474 0.2982456140350877 0.86140350877193
