0 0.9390533625730995 0.06305921052631579 0.12189327485380116 0.0929468201754386
0 0.8307291666666666 0.1251343201754386 0.05875365497076023 0.08826206140350877
0 0.9241593567251462 0.12109100877192983 0.13139619883040934 0.10621436403508773
0 0.9516173245614035 0.20084429824561403 0.09676535087719298 0.08480263157894734
0 0.9770193713450293 0.2964884868421052 0.04596125730994152 0.11710252192982458
0 0.9263066520467836 0.2962116228070175 0.07081505847953216 0.14396107456140353
0 0.8582785087719298 0.2859347587719298 0.09649122807017543 0.15903782894736845
0 0.6112938596491229 0.25534265350877194 0.11970029239766082 0.11293037280701752
0 0.7630208333333334 0.294328399122807 0.05674342105263158 0.10181469298245616
0 0.6289290935672515 0.15195175438596492 0.11659356725146199 0.09941063596491226
0 0.7456597222222222 0.06662006578947369 0.05857090643274854 0.10007127192982457
0 0.9383680555555556 0.8706359649122807 0.1232638888888889 0.23743421052631575
0 0.9726334064327485 0.6271436403508772 0.054733187134502925 0.12051535087719308
0 0.7659904970760234 0.723876096491228 0.13121345029239767 0.2152987938596491
0 0.5828764619883041 0.5641776315789473 0.13048245614035087 0.11930921052631573
0 0.7898848684210527 0.9157072368421053 0.13971125730994152 0.16858552631578946
0 0.15725511695906433 0.9343475877192983 0.1564327485380117 0.13130482456140352
0 0.04349415204678363 0.856140350877193 0.0842470760233918 0.10975603070175448
0 0.1703216374269006 0.7541803728070176 0.17708333333333334 0.17996162280701755
0 0.04577850877192982 0.655219298245614 0.09064327485380116 0.13006578947368408
0 0.07661732456140351 0.5148958333333333 0.13495979532163743 0.14547423245614036
0 0.2505482456140351 0.548530701754386 0.17671783625730994 0.21959155701754385
0 0.038651315789473686 0.06238760964912281 0.0763888888888889 0.09434758771929824
0 0.015031067251461989 0.14323739035087718 0.030062134502923978 0.09157346491228069
0 0.1149031432748538 0.10226973684210526 0.04157529239766082 0.05075383771929824
0 0.1453764619883041 0.02464089912280702 0.07785087719298246 0.04928179824561404
0 0.33219115497076024 0.04519188596491228 0.12892909356725146 0.09038103070175439
0 0.17498172514619884 0.1761842105263158 0.09320175438596491 0.18350603070175434
0 0.29523026315789475 0.22401315789473686 0.19042397660818713 0.12730537280701754
0 0.21313048245614036 0.0666419956140351 0.06807383040935673 0.05077028508771931
0 0.30765716374269003 0.1252138157894737 0.1429093567251462 0.10898574561403507
