0 0.9173062865497076 0.9623081140350878 0.11951754385964912 0.07538377192982457
0 0.9102704678362573 0.8215296052631579 0.17945906432748537 0.18445449561403518
0 0.9025036549707602 0.6038075657894737 0.19499269005847952 0.22186951754385967
0 0.9012244152046783 0.2536650219298246 0.12755847953216373 0.1424698464912281
0 0.8712536549707602 0.14157620614035088 0.12244152046783625 0.1101809210526316
0 0.7805646929824561 0.04761239035087719 0.10645102339181287 0.09522478070175439
0 0.4171235380116959 0.9585389254385965 0.2010233918128655 0.08292214912280702
0 0.48218201754385964 0.7886458333333334 0.17763157894736842 0.15157894736842106
0 0.2897934941520468 0.7267050438596491 0.09895833333333333 0.1757236842105263
0 0.49607090643274854 0.5411047149122807 0.14327485380116958 0.17185032894736843
0 0.3361202485380117 0.5238349780701754 0.13642178362573099 0.21406250000000002
0 0.11417214912280702 0.8749177631578947 0.13514254385964913 0.18843475877192978
0 0.21829312865497075 0.06218201754385965 0.13230994152046785 0.10901041666666667
0 0.15360014619883042 0.1769435307017544 0.13084795321637427 0.12060855263157895
0 0.2791483918128655 0.17700657894736843 0.11147660818713451 0.1632264254385965
0 0.39469115497076024 0.18420504385964911 0.08214546783625731 0.1269078947368421
0 0.4649579678362573 0.21510964912280703 0.04906798245614035 0.09140350877192983
0 0.5452302631578947 0.20578673245614035 0.1027046783625731 0.13306743421052633
0 0.5532711988304093 0.07564418859649122 0.10416666666666667 0.1510142543859649
0 0.43530701754385964 0.02206688596491228 0.07748538011695906 0.04413377192982456
0 0.03951937134502924 0.4838404605263158 0.07903874269005848 0.17245339912280705
0 0.14035087719298245 0.647719298245614 0.15369152046783627 0.14384868421052638
0 0.18453033625730994 0.48210252192982456 0.15889985380116958 0.1429303728070175
