0 0.14793494152046785 0.18590460526315788 0.14875730994152048 0.1124917763157895
0 0.2981999269005848 0.09368146929824561 0.08653143274853801 0.12266995614035088
0 0.28846856725146197 0.16411732456140352 0.07163742690058479 0.12099506578947367
0 0.24862938596491227 0.30210252192982456 0.097953216374269 0.17492598684210528
0 0.10608552631578948 0.3065597587719298 0.12719298245614036 0.1221683114035088
0 0.4699835526315789 0.2990926535087719 0.19618055555555555 0.1305290570175439
0 0.34836440058479534 0.36829769736842105 0.07538377192982457 0.09075932017543864
0 0.4813139619883041 0.7643475877192983 0.19325657894736842 0.16054550438596493
0 0.471171418128655 0.965734649122807 0.13824926900584794 0.06853070175438597
0 0.25269554093567254 0.9259868421052632 0.13806652046783627 0.14802631578947367
0 0.15917397660818713 0.6994407894736842 0.11458333333333333 0.12941885964912278
0 0.01631030701754386 0.6597012061403509 0.03262061403508772 0.12669682017543848
0 0.8116319444444444 0.8949177631578947 0.07721125730994152 0.11330317982456138
0 0.9189510233918129 0.8531798245614035 0.16209795321637427 0.22856359649122812
0 0.39606176900584794 0.15535910087719298 0.09767909356725146 0.13089638157894737
0 0.5089546783625731 0.0808826754385965 0.09777046783625731 0.13407894736842105
0 0.40670687134502925 0.06272752192982456 0.07785087719298246 0.12545504385964912
0 0.7477156432748538 0.0517516447368421 0.0581140350877193 0.1035032894736842
0 0.8399579678362573 0.0651123903508772 0.1265533625730994 0.09979989035087719
0 0.8579130116959064 0.16000548245614035 0.125 0.11825657894736843
0 0.7670869883040936 0.24496162280701758 0.06834795321637427 0.16206962719298248
0 0.8694718567251462 0.2657922149122807 0.15085891812865498 0.13246162280701756
0 0.7747624269005848 0.3553782894736842 0.0756578947368421 0.08274122807017548
0 0.7828490497076024 0.44006030701754384 0.08360745614035088 0.10408168859649124
0 0.9046966374269005 0.4038733552631579 0.1527777777777778 0.20714364035087715
