0 0.7448830409356725 0.2636156798245614 0.06676352339181285 0.09009868421052633
0 0.842593201754386 0.27347587719298244 0.10623720760233916 0.16098684210526315
0 0.8575785818713451 0.4205592105263158 0.11233004385964913 0.12986019736842105
0 0.7602942251461988 0.48158991228070175 0.07687682748538013 0.08379111842105265
0 0.7720522660818714 0.6153645833333333 0.07480445906432748 0.15397478070175433
0 0.9111842105263158 0.6426754385964912 0.17763157894736842 0.1811842105263158
0 0.9379568713450293 0.8767817982456141 0.12408625730994152 0.24588815789473684
0 0.7774122807017544 0.7538103070175439 0.08065241228070175 0.11105537280701758
0 0.2263029970760234 0.8946189692982457 0.1273154239766082 0.18616776315789482
0 0.26656980994152046 0.7118174342105263 0.1627686403508772 0.20250822368421054
0 0.45004934210526315 0.7385855263157896 0.20321637426900585 0.18111842105263165
0 0.28447916666666667 0.5544490131578947 0.10355811403508773 0.15458881578947375
0 0.4406067251461988 0.5570997807017544 0.17824013157894736 0.15074835526315786
0 0.32644919590643273 0.30905701754385967 0.07906980994152048 0.11336348684210529
0 0.4883644005847953 0.3333552631578947 0.12755847953216373 0.12906524122807014
0 0.4554093567251462 0.43749725877192985 0.1408388157894737 0.1399808114035088
0 0.311281067251462 0.4454523026315789 0.07919042397660818 0.09192708333333331
0 0.36330409356725146 0.10456414473684209 0.0735873538011696 0.11739035087719298
0 0.49780701754385964 0.13115131578947367 0.09892726608187133 0.09929276315789473
0 0.4649725877192982 0.2218640350877193 0.17824013157894736 0.12537828947368418
0 0.5121838450292397 0.057387609649122796 0.09844115497076025 0.10344572368421052
0 0.3832236842105263 0.030808662280701754 0.06103801169590643 0.06161732456140351
0 0.7793622076023392 0.041038925438596496 0.11866410818713449 0.08207785087719299
0 0.8856597222222222 0.03994243421052632 0.10099963450292399 0.07988486842105263
0 0.1672752192982456 0.023887061403508773 0.10307017543859646 0.047774122807017545
0 0.15564144736842103 0.08719024122807018 0.11756761695906436 0.10091557017543859
0 0.1496107456140351 0.173061951754386 0.16764071637426903 0.10453124999999998
0 0.08845029239766082 0.2867982456140351 0.16228070175438597 0.1254934210526316
0 0.24299524853801172 0.28324013157894734 0.07054093567251463 0.08000274122807015
0 0.20534904970760234 0.4012993421052632 0.09515168128654972 0.16992324561403513
0 0.05646929824561404 0.3940515350877193 0.11293859649122807 0.12856359649122806
0 0.03508771929824561 0.5174122807017544 0.07017543859649122 0.15543859649122807
0 0.031432748538011694 0.6825301535087719 0.06286549707602339 0.1439364035087719
0 0.12402595029239766 0.7096655701754386 0.08723135964912279 0.1086595394736843
0 0.3062262426900585 0.017697368421052632 0.06298793859649124 0.03539199561403509
