0 0.5001827485380117 0.03954769736842106 0.11805555555555555 0.07909539473684211
0 0.8428362573099415 0.06870614035087719 0.08771929824561403 0.11197094298245615
0 0.7349415204678362 0.13607456140350876 0.05906432748538008 0.07894462719298245
0 0.7506578947368422 0.24750274122807017 0.06154970760233913 0.11913103070175436
0 0.8595394736842105 0.18326206140350876 0.09700292397660805 0.13713541666666665
0 0.7314327485380118 0.06037554824561404 0.05204678362573103 0.08215734649122808
0 0.8865241228070176 0.3385279605263158 0.10126461988304108 0.12749177631578948
0 0.955420321637427 0.7717571271929824 0.08915935672514605 0.19789747807017552
0 0.7872660818713451 0.8110663377192983 0.07814327485380124 0.09998629385964912
0 0.7922733918128655 0.9151014254385965 0.06988304093567245 0.10849232456140344
0 0.4052485380116959 0.9057565789473684 0.17083333333333336 0.18848684210526326
0 0.46968567251461985 0.6970751096491228 0.125 0.22178179824561414
0 0.2681505847953216 0.6707675438596491 0.10643274853801171 0.19109649122807015
0 0.47089181286549703 0.30606633771929825 0.16761695906432744 0.13712993421052633
0 0.360109649122807 0.18936129385964912 0.07397660818713453 0.10218749999999999
0 0.38492690058479534 0.0913294956140351 0.10095029239766079 0.12542214912280703
0 0.06606359649122807 0.9464089912280702 0.13103070175438597 0.10718201754385964
0 0.02631578947368421 0.6325383771929824 0.05263157894736842 0.12637061403508773
0 0.016812865497076022 0.7779605263157895 0.033625730994152045 0.17598684210526316
0 0.11281615497076024 0.7692571271929824 0.15375182748538013 0.2461156798245614
0 0.08205409356725146 0.2273410087719298 0.13730445906432748 0.17654057017543856
0 0.17245431286549706 0.02660910087719298 0.0988066520467836 0.05321820175438596
0 0.1529002192982456 0.1027001096491228 0.134014985380117 0.13193256578947368
0 0.3898940058479532 0.027546600877192982 0.05366776315789475 0.055093201754385965
