0 0.5494024122807017 0.2575767543859649 0.09612573099415204 0.18401315789473682
0 0.6405336257309941 0.18231359649122808 0.054216008771929836 0.06272752192982455
0 0.574501096491228 0.11406798245614035 0.1317013888888889 0.10715460526315787
0 0.5635964912280702 0.037039473684210525 0.10380116959064327 0.07407894736842105
0 0.7953216374269005 0.08919133771929824 0.09941520467836257 0.17436403508771933
0 0.8917214912280702 0.05194627192982456 0.14126461988304093 0.10389254385964912
0 0.9315606725146199 0.14418859649122806 0.13687865497076024 0.09649122807017543
0 0.8013523391812866 0.21882949561403509 0.07858187134502924 0.11382949561403509
0 0.9276315789473685 0.33777138157894737 0.14473684210526316 0.13606907894736844
0 0.07072368421052631 0.07503563596491229 0.1402284356725146 0.1500685307017544
0 0.24957419590643276 0.11412554824561404 0.20065789473684212 0.22825109649122807
0 0.15594480994152046 0.6788843201754386 0.17543859649122806 0.25360197368421056
0 0.09405519005847952 0.8935498903508772 0.09064327485380116 0.1182401315789474
0 0.5470266812865497 0.8238377192982457 0.20224232456140354 0.18897752192982464
0 0.5327722953216374 0.9473684210526315 0.22002923976608188 0.10526315789473684
0 0.7268512426900585 0.972952302631579 0.16228070175438597 0.05409265350877191
0 0.7387920321637427 0.8210910087719299 0.12280701754385964 0.25292763157894743
0 0.8644608918128655 0.7175 0.11220760233918128 0.1956030701754387
0 0.5303362573099415 0.6761239035087719 0.15667580409356724 0.13660635964912285
0 0.9812372076023391 0.9165515350877192 0.03752375730994151 0.11307565789473684
