0 0.7733918128654971 0.029605263157894735 0.05555555555555555 0.05921052631578947
0 0.8594663742690059 0.05768366228070176 0.11440058479532164 0.09855263157894736
0 0.890593932748538 0.10116776315789473 0.11452302631578949 0.0978042763157895
0 0.9247076023391813 0.21791666666666668 0.10964912280701754 0.10834978070175438
0 0.7450054824561404 0.12263980263157895 0.059698464912280716 0.054857456140350896
0 0.7783260233918129 0.20677083333333332 0.12755847953216373 0.118952850877193
0 0.8504513888888889 0.1913377192982456 0.037889254385964896 0.07529057017543862
0 0.5362445175438596 0.2037582236842105 0.09417580409356724 0.10744243421052632
0 0.619639985380117 0.09166392543859649 0.1232949561403509 0.11534813596491227
0 0.5423062865497076 0.031112938596491228 0.09557748538011696 0.062225877192982455
0 0.632797880116959 0.027521929824561406 0.07651133040935675 0.05504111842105264
0 0.5277777777777778 0.5561842105263158 0.12962902046783625 0.17450109649122805
0 0.6270102339181286 0.589078947368421 0.0685910087719298 0.10140350877192984
0 0.7179586988304094 0.5675137061403509 0.09819627192982455 0.1533031798245614
0 0.8874269005847953 0.7224150219298245 0.22514619883040934 0.47772752192982454
0 0.5395961257309941 0.7540762061403509 0.14595577485380118 0.19382401315789466
0 0.7425073099415205 0.7909895833333334 0.0851608187134503 0.12145559210526308
0 0.7254513888888889 0.9263514254385965 0.21673976608187134 0.14729440789473683
0 0.11939510233918127 0.7502631578947369 0.2046783625730994 0.13868695175438606
0 0.07090643274853801 0.9683388157894737 0.14181286549707603 0.06332236842105263
0 0.027960526315789474 0.5699013157894737 0.05592105263157895 0.19682017543859648
0 0.1664236111111111 0.5546573464912281 0.1525347222222222 0.12210526315789476
0 0.24878106725146198 0.22266447368421052 0.1223190789473684 0.1324643640350877
0 0.07711988304093567 0.24121436403508772 0.08357638888888888 0.09098135964912284
0 0.21826206140350876 0.09723684210526316 0.10148574561403507 0.12466282894736841
0 0.23492324561403508 0.038788377192982455 0.09338450292397661 0.07757675438596491
0 0.04946454678362573 0.056225328947368425 0.059941520467836254 0.05177905701754386
0 0.030031067251461995 0.10527412280701753 0.05884502923976608 0.13342927631578946
