0 0.7991593567251462 0.030838815789473683 0.10124269005847954 0.061677631578947366
0 0.8048245614035088 0.10118695175438597 0.07943530701754388 0.09784265350877194
0 0.8377192982456141 0.20048519736842105 0.12573099415204678 0.13013980263157895
0 0.8562372076023391 0.32271381578947367 0.13840095029239766 0.1662637061403509
0 0.9760599415204678 0.47710252192982455 0.04788011695906433 0.1789857456140351
0 0.08625730994152046 0.39945723684210527 0.14814875730994154 0.1223793859649123
0 0.14156980994152046 0.26708607456140354 0.1515588450292398 0.10800164473684211
0 0.24683296783625733 0.43334978070175434 0.059941520467836254 0.11158442982456139
0 0.35526315789473684 0.42311129385964913 0.10136513157894739 0.17882675438596496
0 0.4378654970760234 0.4306935307017544 0.07163742690058479 0.18119791666666674
0 0.5286915204678363 0.43517269736842107 0.10830957602339182 0.15908717105263157
0 0.5118183479532163 0.3240926535087719 0.10989217836257309 0.09774671052631577
0 0.48641630116959067 0.22065515350877193 0.12366045321637428 0.1247916666666667
0 0.5175438596491229 0.14867324561403508 0.10428910818713452 0.09047423245614034
0 0.5126699561403508 0.08550712719298245 0.12378106725146197 0.09389528508771929
0 0.5394133771929824 0.023848684210526317 0.10538559941520469 0.04769462719298246
0 0.3151498538011696 0.04454495614035088 0.07510964912280702 0.08908991228070176
0 0.19901315789473684 0.04805098684210525 0.08735380116959064 0.0957373903508772
0 0.2941027046783626 0.1680372807017544 0.06676352339181285 0.11458333333333333
0 0.09582054093567252 0.9290926535087719 0.15143823099415202 0.14181195175438593
0 0.4758771929824561 0.8890679824561404 0.2646198830409357 0.2218640350877192
0 0.9034173976608187 0.9381853070175439 0.1927997076023392 0.12362938596491228
