0 0.06280519005847954 0.08755208333333334 0.10733369883040936 0.1235718201754386
0 0.04367690058479532 0.16465734649122807 0.08126279239766084 0.10234375000000002
0 0.03118969298245614 0.2776535087719298 0.062377558479532164 0.1876206140350877
0 0.09557748538011696 0.30635142543859645 0.07785087719298246 0.08054002192982454
0 0.14863486842105264 0.21663377192982455 0.17056469298245616 0.16060581140350874
0 0.18128654970760233 0.08947094298245614 0.11403508771929824 0.11827302631578948
0 0.288499634502924 0.1281140350877193 0.13840095029239766 0.12428453947368422
0 0.1966374269005848 0.034117324561403505 0.07163742690058479 0.06823464912280701
0 0.25048793859649127 0.35808936403508773 0.12085709064327484 0.15112116228070174
0 0.048002558479532165 0.46405975877192984 0.09600328947368422 0.16569353070175447
0 0.12396381578947369 0.4607757675438597 0.07858187134502924 0.11526589912280709
0 0.20918676900584796 0.5109210526315789 0.1527777777777778 0.19910910087719297
0 0.5796783625730995 0.574141995614035 0.1310910087719298 0.157423245614035
0 0.7425676169590644 0.5775164473684211 0.11330409356725146 0.22813048245614043
0 0.5812006578947368 0.406875 0.1524122807017544 0.13538925438596494
0 0.7363541666666666 0.3886047149122807 0.07894736842105263 0.1427055921052632
0 0.7234411549707602 0.2697560307017544 0.09210526315789473 0.11151315789473683
0 0.5641447368421053 0.165046600877193 0.08418676900584797 0.07388157894736841
0 0.5790076754385964 0.22771655701754387 0.08467288011695905 0.06398574561403511
0 0.5777905701754386 0.08052357456140351 0.12609649122807018 0.08209978070175439
0 0.6943220029239766 0.09276589912280703 0.09478618421052633 0.07368969298245616
0 0.7122934941520468 0.14282894736842106 0.05397112573099414 0.05685855263157895
0 0.07852156432748539 0.9743229166666666 0.13145650584795324 0.05135142543859647
0 0.8635471491228071 0.6428865131578947 0.08966922514619885 0.11216008771929821
0 0.9289108187134503 0.5444956140350877 0.1421783625730994 0.12919682017543857
0 0.8433241959064328 0.36601973684210526 0.08820723684210528 0.14687774122807015
0 0.8313834064327486 0.24232456140350878 0.09844115497076025 0.14437225877192986
0 0.9333570906432749 0.26625822368421054 0.12451206140350876 0.16665296052631576
0 0.918251096491228 0.02642543859649123 0.09917214912280703 0.05285087719298246
0 0.9214181286549707 0.0920997807017544 0.07139437134502925 0.12901041666666668
0 0.6938358918128655 0.033001644736842105 0.08406432748538012 0.06600054824561404
0 0.5815972222222222 0.02850877192982456 0.1204312865497076 0.05701754385964912
