0 0.1287920321637427 0.8626260964912281 0.17900219298245615 0.1679632675438598
0 0.5476059941520468 0.8279577850877192 0.19517543859649122 0.16167489035087718
0 0.6888249269005848 0.6476864035087719 0.18612938596491227 0.21642817982456133
0 0.7367050438596491 0.8944188596491228 0.17955043859649122 0.1657565789473685
0 0.9166666666666666 0.8494024122807017 0.16666666666666666 0.18126096491228064
0 0.8643092105263158 0.6895614035087719 0.10855263157894737 0.11514254385964912
0 0.8698373538011696 0.45598958333333334 0.26032529239766083 0.36071546052631576
0 0.7063230994152047 0.5100109649122807 0.06853070175438597 0.0740213815789473
0 0.5289199561403509 0.48266173245614036 0.12582236842105263 0.16050164473684217
0 0.5195540935672515 0.33655701754385964 0.1116593567251462 0.158859649122807
0 0.6548793859649122 0.33978070175438596 0.14656432748538012 0.1337828947368421
0 0.7444261695906432 0.055863486842105264 0.11366959064327485 0.11172423245614035
0 0.8750913742690059 0.06819353070175439 0.09283625730994152 0.10021655701754385
0 0.5215186403508771 0.058327850877192985 0.08726242690058479 0.11665570175438597
0 0.26434576023391815 0.06949561403508772 0.11476608187134503 0.11404879385964913
0 0.11243603801169591 0.09080866228070175 0.07501827485380116 0.07580592105263156
0 0.05359100877192982 0.33835252192982457 0.10718201754385964 0.176156798245614
0 0.202531067251462 0.3367160087719298 0.12362938596491228 0.10709155701754387
0 0.1636970029239766 0.4829577850877193 0.1757127192982456 0.10955317982456143
0 0.12472587719298246 0.6911896929824561 0.14619883040935672 0.12936403508771932
