0 0.055052997076023395 0.17393366228070176 0.11010599415204679 0.12281249999999999
0 0.060352704678362575 0.27794133771929824 0.12070540935672515 0.15372807017543857
0 0.09105445906432749 0.3333086622807018 0.06880482456140351 0.08354440789473684
0 0.06779970760233918 0.4197669956140351 0.13285818713450293 0.13202576754385967
0 0.07721125730994152 0.8691063596491229 0.1388888888888889 0.2617872807017544
0 0.5897752192982456 0.8211348684210527 0.2877375730994152 0.35773026315789475
0 0.8591008771929824 0.7445614035087719 0.2817982456140351 0.33890350877192976
0 0.895422149122807 0.4403892543859649 0.1808296783625731 0.20067982456140349
0 0.9632675438596491 0.630655153508772 0.07346491228070176 0.21800164473684217
0 0.7134502923976608 0.11519736842105263 0.11567982456140351 0.1437746710526316
0 0.954358552631579 0.05050986842105263 0.0912828947368421 0.10101973684210526
0 0.45796783625730997 0.09987116228070175 0.09082602339181287 0.09118969298245613
0 0.3477247807017544 0.25950109649122804 0.12344663742690058 0.19389528508771933
0 0.3124543128654971 0.0576343201754386 0.11869517543859649 0.11526589912280702
0 0.4432565789473684 0.036672149122807016 0.0851608187134503 0.07169956140350878
0 0.5402503654970761 0.02338267543859649 0.09365862573099415 0.04676535087719298
0 0.029742324561403508 0.07578399122807017 0.046692251461988306 0.047124451754385954
