0 0.3715880847953216 0.03795230263157894 0.17787463450292396 0.07371162280701754
0 0.3216374269005848 0.10801809210526316 0.14619883040935672 0.09871436403508772
0 0.4191027046783626 0.195625 0.06335343567251463 0.1222450657894737
0 0.29385964912280704 0.25902138157894733 0.13450292397660818 0.15035635964912278
0 0.2871582602339181 0.37303728070175435 0.1625237573099415 0.10060855263157895
0 0.3187737573099415 0.44456962719298243 0.24646747076023393 0.09929824561403502
0 0.23269919590643273 0.7577933114035087 0.39717288011695906 0.2725301535087718
0 0.5511695906432749 0.768670504385965 0.13742690058479531 0.21570175438596495
0 0.7409228801169591 0.773421052631579 0.15265533625730993 0.2105838815789474
0 0.6960288742690058 0.5557319078947368 0.14205592105263157 0.12425712719298244
0 0.5211988304093568 0.44108278508771925 0.07748538011695906 0.11243146929824564
0 0.6459557748538012 0.4103865131578947 0.17105263157894737 0.12413651315789472
0 0.6410818713450293 0.28409539473684214 0.18567251461988304 0.13105537280701754
0 0.6036787280701754 0.16166118421052633 0.22051717836257312 0.12010690789473685
0 0.6013651315789473 0.06508223684210525 0.19883040935672514 0.09690515350877192
0 0.9225749269005847 0.06247532894736841 0.09442068713450294 0.0862061403508772
0 0.9259265350877193 0.15483004385964913 0.13157894736842105 0.11192708333333332
0 0.9376827485380117 0.284281798245614 0.12463450292397661 0.09853344298245612
0 0.9708516081871345 0.4146107456140351 0.05829678362573099 0.1181469298245614
