0 0.7171052631578947 0.04179002192982456 0.06968749999999999 0.08357730263157895
0 0.5045687134502924 0.04580866228070176 0.13316337719298246 0.09161458333333335
0 0.6284119152046784 0.04471217105263158 0.06286549707602339 0.08942434210526316
0 0.2671783625730994 0.04398026315789474 0.08845029239766082 0.08796052631578948
0 0.10532346491228071 0.04726973684210526 0.08759685672514618 0.09453673245614035
0 0.030458698830409355 0.05137883771929825 0.060915570175438596 0.10239309210526315
0 0.05951571637426901 0.29857730263157894 0.11781249999999999 0.16915570175438593
0 0.19249451754385963 0.2857017543859649 0.1608187134502924 0.12330317982456139
0 0.13553910818713452 0.430515350877193 0.17726608187134504 0.15232730263157895
0 0.11963998538011697 0.6621655701754385 0.1710526315789474 0.07944901315789471
0 0.07973866959064325 0.8223135964912281 0.15826023391812866 0.215169956140351
0 0.0596984649122807 0.959703947368421 0.1193951023391813 0.0805921052631579
0 0.5815058479532164 0.8196217105263158 0.15667580409356724 0.14033991228070175
0 0.7253892543859649 0.794314692982456 0.1398629385964912 0.1646518640350876
0 0.9516630116959064 0.8133223684210527 0.09667397660818713 0.10032894736842106
0 0.8531926169590643 0.6245860745614035 0.12012609649122806 0.08469846491228059
0 0.900827850877193 0.5365186403508772 0.1983424707602339 0.09131304824561406
0 0.547514619883041 0.5856633771929824 0.1496107456140351 0.1347779605263158
0 0.7066282894736843 0.9551343201754385 0.19980445906432748 0.0897286184210526
0 0.5063358918128655 0.4222615131578948 0.10623720760233916 0.14422971491228073
0 0.6881706871345029 0.4228070175438597 0.09344480994152045 0.17821546052631582
0 0.9364638157894737 0.41294407894736845 0.1270705409356725 0.12925164473684217
0 0.9346363304093567 0.27600328947368424 0.13072551169590643 0.13132127192982457
0 0.7972715643274854 0.27956962719298245 0.1179331140350877 0.10373081140350879
0 0.49987755847953214 0.26413103070175437 0.09088633040935672 0.10391995614035085
