0 0.7504568713450293 0.024366776315789474 0.041666666666666664 0.04873355263157895
0 0.8275767543859649 0.03203947368421053 0.07529239766081872 0.06407620614035088
0 0.8869700292397661 0.03614857456140351 0.051535087719298246 0.07229714912280702
0 0.9550438596491229 0.033410087719298244 0.08991228070175439 0.06681743421052631
0 0.9095394736842105 0.3648410087719298 0.15332602339181287 0.14826754385964916
0 0.9424798976608187 0.5240652412280702 0.11504020467836257 0.2035581140350877
0 0.9454495614035088 0.24130756578947368 0.10910087719298246 0.13557565789473683
0 0.602796052631579 0.18375822368421052 0.10453216374269006 0.09175164473684211
0 0.7447916666666666 0.26809758771929826 0.09978070175438597 0.14666392543859647
0 0.7694170321637427 0.4015652412280702 0.0914656432748538 0.16140624999999997
0 0.6816063596491229 0.6298876096491228 0.2722039473684211 0.17945449561403504
0 0.9497898391812866 0.8364117324561403 0.1004203216374269 0.20188048245614035
0 0.669499269005848 0.8224314692982456 0.36951754385964913 0.22874451754385966
0 0.15652412280701755 0.8999451754385965 0.1513157894736842 0.20010964912280702
0 0.15021929824561403 0.6388212719298246 0.2501827485380117 0.2055455043859649
0 0.07999817251461988 0.14153508771929826 0.12892909356725146 0.11695449561403506
0 0.05436769005847953 0.2522560307017544 0.10416666666666667 0.14102247807017543
0 0.19289108187134502 0.22711348684210525 0.1253654970760234 0.10581688596491227
0 0.2895650584795322 0.2926123903508772 0.13230994152046785 0.12168585526315788
0 0.24853801169590642 0.39024671052631577 0.1909722222222222 0.14014254385964905
0 0.3451206140350877 0.17701206140350878 0.13742690058479531 0.1303371710526316
0 0.20550073099415206 0.14193530701754387 0.09941520467836257 0.09856085526315789
