0 0.2796655701754386 0.1282483552631579 0.09758771929824561 0.10079495614035089
0 0.358187134502924 0.1294325657894737 0.05847953216374269 0.11595942982456141
0 0.42671783625730997 0.12495339912280701 0.07249086257309943 0.14537554824561405
0 0.511390716374269 0.09828673245614035 0.04446820175438595 0.07011239035087719
0 0.6539967105263158 0.10413377192982456 0.11403508771929824 0.06718475877192984
0 0.9035087719298246 0.10906524122807018 0.10623720760233916 0.08070449561403512
0 0.944078947368421 0.17474780701754386 0.1118421052631579 0.12762335526315788
0 0.9641812865497076 0.30182017543859646 0.07163742690058479 0.11898848684210528
0 0.9763340643274854 0.4102247807017544 0.04733187134502924 0.11101973684210527
0 0.016812865497076022 0.19302083333333334 0.033625730994152045 0.08231359649122806
0 0.28533077485380115 0.20928179824561405 0.11842105263157894 0.07463267543859649
0 0.31329130116959064 0.3006332236842105 0.12097953216374269 0.11844298245614034
0 0.524671052631579 0.32593475877192984 0.05884502923976608 0.13797971491228067
0 0.6828088450292398 0.38340186403508775 0.1412043128654971 0.1048848684210526
0 0.6912774122807017 0.5114747807017543 0.11062317251461987 0.15270010964912273
0 0.5389857456140351 0.522985197368421 0.08869334795321636 0.14282894736842106
0 0.2682145467836257 0.38550438596491227 0.13803545321637425 0.0816803728070175
0 0.271016081871345 0.4794106359649123 0.16557017543859648 0.13060581140350871
0 0.2208826754385965 0.6512691885964912 0.1712956871345029 0.12161732456140346
0 0.4055190058479532 0.6630509868421053 0.08369883040935673 0.1579714912280701
0 0.3995486111111111 0.8925438596491229 0.09856176900584794 0.2149122807017544
0 0.18871893274853802 0.9199561403508771 0.1898154239766082 0.1600877192982456
0 0.7852101608187134 0.8964035087719298 0.12548793859649124 0.20435855263157895
0 0.5971619152046784 0.9318338815789473 0.18676900584795322 0.13632949561403507
0 0.5550676169590644 0.8282675438596491 0.10136513157894739 0.0717406798245614
0 0.5789473684210527 0.719640899122807 0.13450292397660818 0.13409265350877195
0 0.7518877923976608 0.6765186403508772 0.10635964912280702 0.16480537280701754
