0 0.9495614035087719 0.15335800438596492 0.10087719298245613 0.20401315789473684
0 0.7811896929824561 0.0403673245614035 0.14912280701754385 0.080734649122807
0 0.9382913011695906 0.042560307017543854 0.08442982456140351 0.08511787280701755
0 0.7419590643274854 0.9203673245614035 0.16593567251461988 0.15926535087719298
0 0.25024305555555554 0.1000685307017544 0.10575109649122809 0.13215186403508772
0 0.13706140350877194 0.18401315789473682 0.18883954678362572 0.2141529605263158
0 0.06457054093567251 0.08618695175438597 0.10477521929824563 0.08976973684210526
0 0.6365734649122807 0.11863486842105263 0.10599415204678363 0.1199424342105263
0 0.6962719298245614 0.225422149122807 0.11330409356725146 0.15625548245614032
0 0.8009868421052632 0.33947094298245617 0.13389437134502924 0.17236293859649124
0 0.8983315058479532 0.4509594298245614 0.15557931286549706 0.20528234649122803
0 0.029970760233918127 0.2683607456140351 0.059941520467836254 0.14344846491228072
0 0.24920869883040936 0.48997258771929825 0.10002375730994151 0.15355811403508773
0 0.3768877923976608 0.41624451754385966 0.17507309941520469 0.2235690789473684
0 0.45010964912280704 0.495265899122807 0.17775402046783628 0.21896655701754386
0 0.5538505116959065 0.6232922149122807 0.1671546052631579 0.2173464912280702
0 0.6115990497076024 0.8441145833333333 0.17543859649122806 0.31176809210526313
0 0.21771381578947366 0.8440981359649122 0.13572185672514622 0.211219846491228
0 0.06304824561403509 0.8342927631578947 0.12609649122807018 0.21902412280701755
0 0.17519554093567252 0.7338212719298246 0.10672514619883043 0.12773026315789474
0 0.08406432748538012 0.6372642543859649 0.16812865497076024 0.2360855263157894
