0 0.840734649122807 0.059136513157894734 0.13815789473684212 0.11827028508771929
0 0.9470486111111112 0.061949013157894736 0.04833698830409357 0.08524396929824563
0 0.836577119883041 0.15776041666666665 0.12527412280701755 0.12061677631578947
0 0.8438413742690059 0.2636156798245614 0.10416666666666667 0.12810855263157891
0 0.8721217105263158 0.394797149122807 0.1543311403508772 0.14650219298245615
0 0.9002192982456141 0.5444298245614035 0.14930555555555555 0.1990570175438596
0 0.19622624269005848 0.02272203947368421 0.07995248538011696 0.04544407894736842
0 0.3005299707602339 0.07108826754385965 0.10307017543859649 0.10763706140350876
0 0.17470760233918128 0.08342105263157895 0.0798611111111111 0.09941063596491227
0 0.16625548245614036 0.18146655701754386 0.1004203216374269 0.11594846491228071
0 0.296875 0.17235197368421054 0.08114035087719298 0.12650219298245616
0 0.34141995614035087 0.026559758771929825 0.06880482456140351 0.053116776315789475
0 0.4185855263157895 0.03231359649122807 0.054093567251461985 0.06462445175438597
0 0.46655701754385964 0.052664473684210525 0.038559941520467836 0.03926535087719298
0 0.5454586988304093 0.038067434210526316 0.09493786549707603 0.07613486842105263
0 0.40995065789473684 0.10959429824561404 0.06332236842105263 0.11611567982456142
0 0.546875 0.1408388157894737 0.11695906432748537 0.09088815789473682
0 0.5094115497076024 0.23573190789473686 0.13706140350877194 0.10934758771929827
0 0.5155336257309941 0.3154166666666667 0.13285818713450293 0.10561129385964912
0 0.3814875730994152 0.3030866228070176 0.06030701754385965 0.06998903508771931
0 0.2659448099415205 0.33233826754385964 0.07867324561403509 0.12437774122807017
0 0.16625548245614036 0.2828015350877193 0.07483552631578948 0.10617598684210525
0 0.09658260233918128 0.4566008771929825 0.16301169590643275 0.11715460526315792
0 0.05377375730994152 0.6185992324561403 0.10754751461988304 0.14180646929824567
0 0.4710343567251462 0.4089254385964912 0.1516812865497076 0.1500877192982456
0 0.3508315058479532 0.418796600877193 0.07118055555555555 0.11500548245614034
0 0.5060307017543859 0.5335745614035088 0.13212719298245615 0.11566885964912282
0 0.5173611111111112 0.6754248903508772 0.12554824561403508 0.1828124999999999
0 0.32040387426900585 0.6641831140350878 0.1232638888888889 0.242563048245614
0 0.4123720760233918 0.6671326754385964 0.0891812865497076 0.20597587719298235
0 0.1992872807017544 0.6654276315789474 0.07967836257309942 0.13266447368421053
