0 0.5729769736842105 0.8534923245614034 0.1591136695906433 0.1514309210526316
0 0.7838687865497076 0.9647286184210526 0.1301169590643275 0.07054002192982455
0 0.08485562865497076 0.028363486842105264 0.07590095029239767 0.0490515350877193
0 0.02497624269005847 0.08920230263157895 0.04751461988304093 0.07935581140350878
0 0.09819627192982457 0.10299067982456139 0.10380116959064327 0.13799890350877192
0 0.15984466374269005 0.015485197368421052 0.051657529239766097 0.03096765350877193
0 0.22252741228070178 0.06708881578947369 0.09783077485380115 0.13381304824561402
0 0.3543494152046784 0.031559758771929826 0.0983187134502924 0.06311951754385965
0 0.3430190058479532 0.09121162280701754 0.11220760233918128 0.09433662280701754
0 0.29501644736842103 0.17680646929824562 0.1429093567251462 0.11750274122807018
0 0.16410818713450293 0.21154879385964911 0.07236842105263158 0.05540570175438594
0 0.1154970760233918 0.3435389254385965 0.1189089912280702 0.20791118421052632
0 0.29714912280701755 0.40703947368421056 0.12889802631578945 0.13205866228070176
0 0.17799707602339182 0.3863925438596491 0.07578033625730995 0.13097313596491228
0 0.26888340643274855 0.290561951754386 0.16496162280701757 0.13119517543859646
0 0.6068475877192983 0.4466858552631579 0.13425986842105264 0.14921600877192986
0 0.7750968567251462 0.4929139254385965 0.06383954678362572 0.11375274122807025
0 0.8866959064327485 0.4908936403508772 0.11159904970760236 0.2010882675438597
0 0.9605263157894737 0.49829495614035085 0.07894736842105263 0.1848218201754386
0 0.9720997807017544 0.383656798245614 0.0557986111111111 0.09260416666666671
0 0.8508168859649123 0.29147752192982457 0.06542397660818713 0.1074451754385965
0 0.944078947368421 0.2835279605263158 0.1118421052631579 0.13357456140350873
0 0.9562317251461988 0.20792214912280702 0.08753654970760234 0.10334429824561403
0 0.9422514619883041 0.13434758771929825 0.1154970760233918 0.10751096491228071
0 0.9461805555555556 0.05331688596491228 0.1076388888888889 0.0737390350877193
0 0.8254751461988304 0.038887061403508776 0.06834795321637427 0.07777138157894738
0 0.7475639619883041 0.08793859649122808 0.06725146198830409 0.1243421052631579
0 0.6242690058479532 0.08319078947368422 0.07407346491228069 0.10022478070175439
0 0.626218932748538 0.32199013157894735 0.136452850877193 0.11364309210526317
0 0.5958826754385965 0.024983552631578948 0.06359649122807018 0.049967105263157896
0 0.7208516081871345 0.02412280701754386 0.08241959064327485 0.04824561403508772
0 0.03728070175438596 0.7832373903508771 0.07456140350877193 0.1808771929824562
0 0.1909722222222222 0.819498355263158 0.19797697368421052 0.2588788377192983
0 0.7616959064327485 0.21062774122807018 0.06140350877192982 0.11570175438596489
