0 0.2932200292397661 0.021493969298245614 0.0847953216374269 0.04298793859649123
0 0.3054184941520468 0.06376644736842105 0.09914108187134503 0.06695175438596492
0 0.36398940058479534 0.024509320175438595 0.04998172514619883 0.04901864035087719
0 0.42598684210526316 0.02768640350877193 0.06542397660818713 0.05537280701754386
0 0.3315972222222222 0.13515625 0.11769005847953216 0.10282346491228071
0 0.27946820175438597 0.19839912280701755 0.10572002923976608 0.06620888157894736
0 0.29431652046783624 0.2821217105263158 0.14546783625730994 0.11029605263157899
0 0.25507127192982454 0.4203179824561403 0.14647295321637427 0.10023300438596494
0 0.41515899122807015 0.41853344298245615 0.06825657894736842 0.13777960526315786
0 0.5170869883040936 0.1554358552631579 0.0537280701754386 0.1214501096491228
0 0.6599506578947368 0.19702576754385964 0.12472587719298246 0.09087445175438597
0 0.66890533625731 0.29623355263157897 0.0914656432748538 0.13029605263157895
0 0.9112755847953217 0.04293585526315789 0.12573099415204678 0.08559758771929825
0 0.9379111842105263 0.12775767543859648 0.12417763157894737 0.09898848684210526
0 0.9495614035087719 0.22121162280701756 0.10087719298245613 0.11046052631578948
0 0.5301078216374269 0.3046080043859649 0.0825109649122807 0.1278563596491228
0 0.5659722222222222 0.45554824561403506 0.1204312865497076 0.11861019736842107
0 0.7144554093567251 0.427250548245614 0.0939327485380117 0.12917214912280697
0 0.740953947368421 0.5944544956140352 0.1067251461988304 0.17849232456140354
0 0.5499817251461988 0.632719298245614 0.09758771929824561 0.14263157894736841
0 0.4125548245614035 0.6054440789473684 0.08589181286549707 0.21143366228070168
0 0.2296235380116959 0.624906798245614 0.15497076023391812 0.1626425438596491
0 0.9676078216374269 0.34018366228070174 0.0647843567251462 0.11814144736842105
0 0.9810855263157895 0.4580290570175439 0.03782894736842105 0.1235718201754386
0 0.03778326023391813 0.07362390350877193 0.0737390350877193 0.1469736842105263
0 0.6281524122807017 0.6356825657894736 0.07209429824561403 0.1334786184210527
