0 0.12024853801169591 0.9356496710526315 0.1390716374269006 0.1286979166666666
0 0.4989491959064328 0.39665570175438597 0.11339546783625731 0.20093201754385964
0 0.9296875 0.3628837719298246 0.140625 0.14572368421052628
0 0.7126279239766082 0.08280701754385965 0.06834795321637427 0.08310307017543858
0 0.7745796783625731 0.036422697368421054 0.2324561403508772 0.07284539473684211
0 0.642452485380117 0.2757017543859649 0.09612573099415204 0.15228070175438596
0 0.6337719298245614 0.1729331140350877 0.09155701754385964 0.08929002192982456
0 0.5908717105263158 0.0684813596491228 0.12545687134502925 0.1369627192982456
0 0.48062865497076024 0.028097587719298246 0.09137426900584796 0.05619517543859649
0 0.5002741228070176 0.15426809210526315 0.11513157894736842 0.1056798245614035
0 0.5192799707602339 0.2748876096491228 0.07273391812865497 0.0629358552631579
0 0.17886513157894737 0.3799177631578948 0.16949926900584794 0.12359374999999997
0 0.1806469298245614 0.4750904605263158 0.14839181286549707 0.10970942982456147
0 0.040981359649122806 0.41930646929824567 0.08196271929824561 0.18181743421052632
0 0.05669773391812866 0.30078673245614035 0.11339546783625731 0.0790953947368421
0 0.19156615497076024 0.2881112938596491 0.16017909356725146 0.08142817982456142
0 0.2144097222222222 0.19485745614035088 0.12180190058479533 0.10024396929824562
0 0.2076937134502924 0.09397752192982456 0.07456140350877193 0.06295504385964912
0 0.02055921052631579 0.05610745614035088 0.0402046783625731 0.11221217105263158
0 0.07593201754385964 0.09735197368421052 0.08296783625730994 0.12726973684210527
0 0.07739400584795321 0.023500548245614036 0.055190058479532164 0.04700109649122807
0 0.7443347953216374 0.15584155701754385 0.1116593567251462 0.11678179824561404
