0 0.43110380116959063 0.7478015350877193 0.37366045321637426 0.29274945175438594
0 0.02850877192982456 0.6738103070175439 0.05701754385964912 0.22883497807017542
0 0.14857456140350878 0.6994819078947369 0.15704130116959064 0.21256304824561412
0 0.14625913742690058 0.8558936403508772 0.09149671052631578 0.10140625000000009
0 0.7906926169590643 0.35481907894736847 0.07553545321637425 0.15920230263157895
0 0.8899250730994153 0.3723656798245614 0.12658442982456142 0.10657346491228076
0 0.9684448099415205 0.3683415570175439 0.06310855263157894 0.16431195175438593
0 0.7949561403508771 0.20952576754385965 0.12548793859649124 0.1792845394736842
0 0.92671783625731 0.25447916666666665 0.14656432748538012 0.10106633771929822
0 0.8366831140350877 0.044144736842105264 0.22721673976608187 0.08609375
0 0.9342105263157895 0.1138514254385965 0.05068165204678361 0.05920778508771932
0 0.9872989766081871 0.06400767543859649 0.02540204678362573 0.060581140350877194
0 0.5084978070175439 0.036595394736842105 0.1924342105263158 0.07319078947368421
0 0.44614948830409357 0.1526699561403509 0.1564327485380117 0.12039747807017545
0 0.3033022660818714 0.046705043859649124 0.07663194444444443 0.0619764254385965
0 0.20266812865497075 0.053094846491228066 0.13364948830409357 0.0930345394736842
0 0.1897532894736842 0.14855811403508773 0.26376644736842103 0.13592927631578947
0 0.14912280701754385 0.28513157894736846 0.2933717105263158 0.1477467105263158
