0 0.6154970760233918 0.03176535087719298 0.13176169590643275 0.06353070175438597
0 0.5316611842105263 0.12891447368421052 0.09841008771929824 0.12460252192982454
0 0.6594480994152047 0.12000548245614034 0.10453216374269006 0.13694078947368418
0 0.9299159356725146 0.12247258771929824 0.14016812865497075 0.12542763157894735
0 0.9088084795321637 0.027275219298245616 0.0807748538011696 0.05455043859649123
0 0.6318073830409356 0.424328399122807 0.29870248538011696 0.14114583333333336
0 0.6519097222222222 0.6207236842105264 0.3352521929824561 0.152905701754386
0 0.9744608918128655 0.47848410087719295 0.05107821637426901 0.16447642543859642
0 0.6318073830409356 0.8201425438596491 0.30235745614035087 0.20361019736842118
0 0.19599780701754385 0.9636787280701754 0.3472222222222222 0.07264254385964912
0 0.30235745614035087 0.6777713815789475 0.21637426900584794 0.16283442982456153
0 0.31483004385964913 0.11671326754385965 0.2659904970760234 0.16873355263157894
