0 0.3314144736842105 0.01617324561403509 0.11860380116959064 0.03234649122807018
0 0.2941027046783626 0.0752247807017544 0.10575109649122809 0.0824671052631579
0 0.4281195175438597 0.06599506578947369 0.05701754385964912 0.10238486842105263
0 0.2833826754385965 0.20229440789473685 0.11842105263157894 0.11913651315789477
0 0.4273885233918129 0.20713541666666666 0.06530153508771928 0.1342982456140351
0 0.5311896929824561 0.20951206140350875 0.08284539473684209 0.10616228070175437
0 0.5381944444444444 0.09605263157894736 0.09320175438596491 0.08757401315789475
0 0.6642909356725146 0.0844517543859649 0.07005299707602337 0.09178179824561405
0 0.5163249269005847 0.023522478070175438 0.04824561403508772 0.047044956140350876
0 0.6337116228070175 0.022061403508771928 0.07468384502923978 0.04412006578947368
0 0.6832364766081871 0.1822861842105263 0.0847953216374269 0.1357702850877193
0 0.927936769005848 0.034117324561403505 0.13925438596491227 0.06823464912280701
0 0.907406798245614 0.09532072368421053 0.0847953216374269 0.10803728070175438
0 0.9452668128654971 0.20038377192982457 0.10946637426900585 0.12116228070175439
0 0.7024250730994153 0.5152412280701754 0.17312317251461987 0.1437856359649122
0 0.6963322368421052 0.7053481359649123 0.18530701754385964 0.16398300438596491
0 0.5610983187134503 0.5358799342105264 0.12439144736842106 0.20333881578947374
0 0.4113066520467836 0.5540625 0.09259320175438598 0.1684347587719299
0 0.037037646198830404 0.08848684210526318 0.0740734649122807 0.12178179824561405
0 0.01608187134502924 0.21701754385964908 0.03216374269005848 0.1540679824561403
0 0.18762244152046784 0.9071217105263157 0.1871345029239766 0.11431743421052624
0 0.3673848684210526 0.9081304824561404 0.15119334795321637 0.0889199561403509
0 0.2256341374269006 0.7531825657894737 0.24171600877192984 0.1810745614035089
0 0.22130847953216373 0.5672779605263157 0.13438048245614034 0.17293311403508768
0 0.3240734649122807 0.5500137061403509 0.06335343567251463 0.1577713815789473
0 0.7417763157894737 0.9820449561403509 0.1838450292397661 0.035910087719298246
0 0.5453819444444444 0.8869106359649123 0.0807748538011696 0.14151041666666656
