0 0.43128654970760233 0.0322094298245614 0.08625730994152046 0.0644188596491228
0 0.5158991228070176 0.1361266447368421 0.13633040935672514 0.09988486842105262
0 0.3884502923976608 0.19028234649122808 0.07076023391812862 0.08100328947368421
0 0.8867982456140352 0.23275219298245614 0.13763157894736858 0.1801973684210526
0 0.7731578947368422 0.22546600877192982 0.07251461988304088 0.14479166666666665
0 0.7687719298245614 0.0856935307017544 0.057894736842105214 0.1437554824561403
0 0.8568201754385966 0.11249999999999999 0.13384502923976602 0.10855537280701755
0 0.8549890350877193 0.04139254385964912 0.11056286549707603 0.08278508771929824
0 0.9119444444444444 0.5802604166666666 0.17611111111111116 0.1931962719298245
0 0.7947587719298246 0.6031853070175439 0.06673976608187147 0.0789555921052631
0 0.9256505847953216 0.7650438596491228 0.14869883040935677 0.21298245614035088
0 0.9472149122807018 0.9367324561403508 0.10557017543859655 0.12653508771929833
0 0.2658479532163743 0.7847587719298246 0.07836257309941524 0.08245614035087724
0 0.4149342105263158 0.9021929824561403 0.16673976608187133 0.1956140350877194
0 0.499656432748538 0.6933963815789475 0.12127192982456148 0.17385416666666673
0 0.3062719298245614 0.6538733552631579 0.12850877192982452 0.209936951754386
0 0.49698830409356726 0.49686129385964906 0.15175438596491223 0.14152686403508766
0 0.027960526315789474 0.8082401315789474 0.05592105263157895 0.2107757675438596
0 0.05226608187134503 0.6000548245614035 0.10453216374269006 0.21326754385964913
0 0.06030701754385965 0.4316063596491228 0.1206140350877193 0.16858552631578946
0 0.22819261695906434 0.4482236842105263 0.09210526315789473 0.09929824561403502
0 0.33267543859649124 0.037722039473684216 0.06374269005847956 0.07544133771929826
0 0.2097222222222222 0.04232456140350877 0.1307017543859649 0.08464912280701754
0 0.29989035087719296 0.1322094298245614 0.08662280701754387 0.1512609649122807
0 0.17240497076023392 0.13402412280701753 0.10358187134502923 0.10554550438596488
