0 0.02887426900584795 0.15270833333333333 0.05500730994152047 0.06939967105263159
0 0.09676535087719298 0.1570860745614035 0.10489766081871345 0.14942434210526312
0 0.23547149122807018 0.16229714912280702 0.1118421052631579 0.09954221491228071
0 0.2092013888888889 0.28240679824561404 0.1497624269005848 0.10264254385964913
0 0.047605994152046784 0.2874095394736842 0.08333333333333333 0.09483004385964913
0 0.038559941520467836 0.41004660087719297 0.07437865497076024 0.15643914473684212
0 0.18485014619883042 0.43314144736842103 0.10562865497076024 0.10805646929824562
0 0.18379934210526316 0.5678837719298245 0.15743786549707603 0.13357730263157894
0 0.023072002923976608 0.7285334429824561 0.046144005847953216 0.09851699561403518
0 0.14894005847953215 0.7225054824561403 0.21107456140350878 0.11495888157894733
0 0.11782711988304094 0.8676809210526316 0.21482090643274854 0.18081140350877203
0 0.12413194444444445 0.9794407894736842 0.17881944444444445 0.04111842105263158
0 0.5409813596491229 0.9054276315789473 0.14263523391812866 0.18914473684210525
0 0.7343293128654971 0.7643009868421052 0.13824926900584794 0.21665021929824566
0 0.8654513888888888 0.5665433114035088 0.14647295321637427 0.15282072368421046
0 0.821546052631579 0.44373629385964913 0.09247076023391813 0.09909813596491233
0 0.5280519005847953 0.28049890350877194 0.11220760233918128 0.13172423245614037
0 0.5431286549707602 0.541233552631579 0.16246345029239767 0.13098410087719295
0 0.7176078216374269 0.5911814692982457 0.12490862573099415 0.1308251096491228
0 0.5621801900584795 0.7428015350877193 0.07903874269005848 0.08319078947368409
0 0.6678545321637427 0.41534813596491227 0.15789473684210525 0.18760416666666668
0 0.6872258771929824 0.30094024122807017 0.06140350877192982 0.0547313596491228
0 0.5216557017543859 0.16736567982456138 0.09576023391812866 0.12338267543859648
0 0.6672605994152047 0.16421600877192982 0.0735562865497076 0.11982182017543862
0 0.59859283625731 0.18833881578947367 0.05226608187134503 0.0639035087719298
0 0.8611567982456141 0.2587417763157895 0.27768640350877194 0.31298519736842106
