0 0.07370796783625731 0.05228344298245613 0.13036001461988306 0.10419956140350878
0 0.164656432748538 0.32593201754385964 0.329312865497076 0.6518640350877193
0 0.5247313596491228 0.7201589912280701 0.13084795321637427 0.27401864035087714
0 0.5662774122807017 0.4738843201754386 0.15789473684210525 0.13234374999999998
0 0.8525822368421052 0.638045504385965 0.1067251461988304 0.15182291666666678
0 0.9596125730994152 0.8226726973684211 0.0807748538011696 0.16836896929824563
0 0.9568713450292398 0.5135855263157895 0.08625730994152046 0.12585252192982455
0 0.8424707602339181 0.48845668859649133 0.1181779970760234 0.16149122807017546
0 0.9322002923976608 0.3754166666666667 0.13559941520467836 0.11998629385964914
0 0.8184703947368421 0.3690241228070176 0.08235928362573101 0.11816337719298244
0 0.804093567251462 0.2824232456140351 0.07309941520467836 0.06923519736842107
0 0.9315606725146199 0.27028508771929827 0.13687865497076024 0.11074561403508772
0 0.9295815058479532 0.18046875 0.12426900584795321 0.09193530701754385
0 0.7857584064327485 0.16877467105263158 0.07175986842105264 0.10509320175438598
0 0.9012554824561404 0.09989583333333335 0.14193530701754387 0.0952576754385965
0 0.7648629385964912 0.027324561403508772 0.07261147660818712 0.054649122807017544
0 0.8884009502923976 0.03097861842105263 0.10526315789473684 0.061954495614035085
0 0.5812006578947368 0.06388157894736841 0.13779239766081872 0.09267543859649123
0 0.5693841374269006 0.013826754385964911 0.07760782163742691 0.027653508771929822
0 0.5694444444444444 0.15505208333333334 0.12524305555555554 0.11054276315789474
0 0.7062627923976609 0.24578399122807018 0.06505847953216375 0.12936129385964915
0 0.5442854532163742 0.34398848684210526 0.1297514619883041 0.13754111842105263
0 0.5453216374269005 0.2411293859649123 0.12573099415204678 0.08898574561403512
