0 0.04434758771929825 0.06482456140350877 0.08869334795321637 0.12964912280701754
0 0.3056779970760234 0.05395559210526316 0.1118421052631579 0.10754660087719298
0 0.42007858187134506 0.05751918859649122 0.09454130116959063 0.11503563596491227
0 0.5332602339181286 0.056513157894736835 0.06993238304093569 0.11266173245614035
0 0.6787280701754386 0.0536842105263158 0.09771016081871346 0.09786458333333332
0 0.9253161549707603 0.05797697368421053 0.1327978801169591 0.1009676535087719
0 0.9656432748538012 0.29038103070175436 0.06871345029239766 0.10525219298245615
0 0.9799890350877193 0.42009320175438597 0.0400219298245614 0.08360745614035088
0 0.5567123538011696 0.3181469298245614 0.11074561403508772 0.16809210526315788
0 0.6814692982456141 0.3070970394736842 0.15070723684210527 0.12589089912280702
0 0.6733680555555556 0.45097861842105263 0.1600877192982456 0.13770559210526312
0 0.7120486111111111 0.6907401315789474 0.16557017543859648 0.08359923245614043
0 0.7314820906432749 0.8483497807017545 0.16666666666666666 0.21424616228070167
0 0.7448830409356725 0.9830043859649122 0.1301169590643275 0.03399122807017544
0 0.2431158625730994 0.6965296052631579 0.15119334795321637 0.11162828947368428
0 0.2505482456140351 0.834468201754386 0.1636202485380117 0.18648026315789468
0 0.42367141812865494 0.3344298245614035 0.08345577485380118 0.14583333333333334
0 0.26206140350877194 0.48233278508771926 0.2097953216374269 0.13645285087719303
0 0.23294407894736843 0.5940652412280703 0.1608187134502924 0.09858278508771932
0 0.25846673976608187 0.33963815789473684 0.12341557017543858 0.13980263157894737
0 0.34749634502923976 0.3007922149122807 0.05445906432748538 0.0763623903508772
0 0.5381030701754386 0.5886924342105264 0.06652046783625731 0.11214089912280706
0 0.4227887426900585 0.932609649122807 0.08442982456140351 0.08452028508771928
