0 0.8940058479532164 0.6506661184210527 0.12012609649122806 0.19168311403508778
0 0.9772478070175439 0.6994243421052632 0.04550438596491228 0.13020833333333334
0 0.9583936403508772 0.4553234649122807 0.08321089181286548 0.07512061403508771
0 0.9724049707602339 0.39795504385964914 0.055190058479532164 0.0627220394736842
0 0.8863304093567251 0.389640899122807 0.12670504385964912 0.0735060307017544
0 0.9620486111111111 0.3330893640350877 0.07590095029239764 0.08284813596491229
0 0.9419462719298245 0.2524205043859649 0.11610562865497075 0.12435581140350874
0 0.8193220029239766 0.19779605263157893 0.0560434941520468 0.055317982456140335
0 0.8325420321637427 0.11589638157894738 0.08613486842105261 0.13274122807017547
0 0.9584247076023392 0.13555372807017543 0.08315058479532164 0.11924342105263158
0 0.9244645467836258 0.03885142543859649 0.14205592105263157 0.0777001096491228
0 0.7228307748538012 0.022044956140350878 0.06773940058479533 0.044089912280701755
0 0.5908260233918129 0.024967105263157895 0.08028691520467834 0.04993421052631579
0 0.6185434941520468 0.08406798245614037 0.08820723684210528 0.11294407894736844
0 0.6168366228070176 0.19688870614035087 0.09941520467836257 0.12111567982456138
0 0.6101973684210527 0.278015350877193 0.11659356725146199 0.07869243421052632
0 0.6227467105263158 0.4589501096491228 0.15387426900584794 0.15547149122807014
0 0.7465277777777778 0.63984375 0.133406432748538 0.22486293859649129
0 0.5899725877192983 0.6317187500000001 0.17848501461988306 0.18119791666666674
0 0.12944627192982458 0.025008223684210525 0.0712719298245614 0.050013706140350875
0 0.17507309941520469 0.1187280701754386 0.097953216374269 0.132922149122807
0 0.2816154970760234 0.13736842105263158 0.11488852339181288 0.089797149122807
0 0.24725877192982457 0.18414747807017542 0.046175073099415216 0.04446271929824563
0 0.2617562134502924 0.2658114035087719 0.10197368421052631 0.11641447368421054
0 0.26693530701754387 0.40475603070175437 0.10623720760233916 0.14394462719298248
0 0.22209978070175437 0.571203399122807 0.13840095029239766 0.151546052631579
0 0.08662280701754387 0.3572478070175439 0.12085709064327484 0.1878152412280702
0 0.04215460526315789 0.1983031798245614 0.08309027777777778 0.06729714912280702
0 0.03941337719298245 0.10172149122807017 0.06907894736842106 0.07332785087719298
0 0.023026315789473683 0.049342105263157895 0.046052631578947366 0.09320175438596491
0 0.23111659356725148 0.05035910087719298 0.12914290935672515 0.09852521929824562
