0 0.7161312134502924 0.8374862938596491 0.17495065789473682 0.15413925438596496
0 0.5092598684210526 0.9291200657894736 0.08284539473684209 0.09800712719298238
0 0.5162043128654971 0.6926918859649123 0.08455226608187136 0.1295367324561404
0 0.6589912280701754 0.6408936403508771 0.19468749999999999 0.1410690789473684
0 0.6781195175438597 0.48098135964912275 0.16228070175438597 0.161156798245614
0 0.6600877192982456 0.3390186403508772 0.14571089181286548 0.12942708333333336
0 0.5114528508771929 0.3679824561403509 0.05799159356725145 0.09049890350877189
0 0.5213212719298246 0.2034512061403509 0.0557986111111111 0.10683114035087721
0 0.63578216374269 0.22080866228070176 0.15923428362573097 0.10864857456140348
0 0.9495614035087719 0.20865953947368424 0.10087719298245613 0.10810581140350874
0 0.948921783625731 0.30578399122807015 0.10215643274853801 0.10334429824561403
0 0.9714912280701754 0.4740405701754386 0.05701754385964912 0.12535087719298252
0 0.24537097953216375 0.6065268640350877 0.18372258771929822 0.10888706140350884
0 0.2597459795321637 0.4640104166666667 0.1539967105263158 0.1527987938596491
0 0.3957108918128655 0.69578125 0.0604294590643275 0.09551260964912289
0 0.23050621345029237 0.7056496710526315 0.17348866959064327 0.0786979166666667
0 0.31987024853801166 0.18340734649122808 0.1341374269005848 0.09415296052631579
0 0.4167269736842105 0.18989309210526317 0.062256944444444455 0.08702576754385966
0 0.2928234649122807 0.2754002192982456 0.1628892543859649 0.1045285087719298
0 0.5532401315789474 0.018001644736842105 0.12451206140350876 0.03600328947368421
0 0.900827850877193 0.01873355263157895 0.11062317251461987 0.0374671052631579
0 0.113578216374269 0.9751918859649122 0.20047514619883042 0.04961622807017544
0 0.39985380116959063 0.3796299342105263 0.0735873538011696 0.1430345394736842
