0 0.27092470760233917 0.04134046052631579 0.1388888888888889 0.08268092105263158
0 0.5806834795321637 0.018050986842105262 0.11147660818713451 0.03609923245614035
0 0.5561038011695907 0.10567160087719299 0.08607456140350878 0.1315734649122807
0 0.7802448830409356 0.02161184210526316 0.08296783625730994 0.04322368421052632
0 0.7809758771929824 0.07806469298245614 0.07346491228070176 0.09143366228070174
0 0.9084429824561403 0.1722012061403509 0.16209795321637427 0.11797697368421053
0 0.8322825292397661 0.4692050438596491 0.09658260233918128 0.16099506578947367
0 0.9730902777777778 0.48071271929824566 0.05381944444444445 0.178530701754386
0 0.9582419590643275 0.6257291666666667 0.08351608187134503 0.10124177631578946
0 0.7198008040935673 0.5443229166666667 0.10736476608187134 0.20158442982456143
0 0.5018731725146199 0.5183826754385965 0.0644188596491228 0.08802631578947366
0 0.5544133771929824 0.5463294956140351 0.17132675438596492 0.14392269736842112
0 0.5491593567251462 0.6601370614035087 0.18695175438596492 0.1234566885964912
0 0.7173336988304093 0.6860389254385965 0.12984283625730994 0.10672697368421057
0 0.7484466374269005 0.7731935307017545 0.07054093567251463 0.0836677631578948
0 0.5298336988304093 0.8484621710526316 0.16419956140350878 0.15689418859649132
0 0.9183114035087719 0.9424342105263158 0.14528508771929824 0.11513157894736842
0 0.1181469298245614 0.7985800438596491 0.22076023391812866 0.1755564692982457
0 0.036595394736842105 0.696702302631579 0.07319078947368421 0.12393914473684213
0 0.034082602339181284 0.5425575657894737 0.06725146198830409 0.18434758771929824
0 0.21591739766081872 0.4377110745614035 0.14948830409356725 0.2186211622807017
0 0.17452485380116958 0.5966831140350877 0.06122076023391813 0.07603892543859651
