0 0.5187006578947368 0.024821820175438596 0.06883589181286551 0.047447916666666666
0 0.39138706140350876 0.059396929824561406 0.10904057017543861 0.11842653508771929
0 0.2875237573099415 0.1544901315789474 0.18031250000000001 0.1679002192982456
0 0.07078399122807018 0.03336622807017544 0.10502010233918128 0.06673245614035088
0 0.04842836257309942 0.07593201754385964 0.09685672514619884 0.08223684210526316
0 0.0403874269005848 0.15090460526315788 0.0807748538011696 0.12088815789473684
0 0.2158863304093567 0.49854166666666677 0.12475694444444446 0.14511239035087722
0 0.3175566520467836 0.5009155701754386 0.07249086257309943 0.17543859649122814
0 0.4055793128654971 0.4908634868421053 0.09722222222222222 0.1955427631578948
0 0.22307565789473685 0.6318338815789474 0.14644188596491226 0.10650219298245601
0 0.40369152046783624 0.7257839912280701 0.07273391812865497 0.11165570175438588
0 0.5333826754385965 0.832297149122807 0.07748538011695906 0.1748273026315788
0 0.18987573099415206 0.9449451754385965 0.18847404970760231 0.10589638157894748
0 0.38968019005847954 0.9438486842105263 0.09100877192982457 0.1110142543859648
0 0.24884320175438598 0.786343201754386 0.16508223684210524 0.19074287280701752
0 0.7419590643274854 0.920548245614035 0.19736842105263158 0.13568804824561398
0 0.9653691520467836 0.46573464912280704 0.06926169590643275 0.11842105263157894
0 0.6917635233918129 0.47857730263157894 0.15058479532163743 0.11797423245614032
0 0.515593932748538 0.45976151315789476 0.06140350877192982 0.0986156798245614
0 0.6664839181286549 0.18514254385964912 0.10367872807017542 0.0994517543859649
0 0.9224232456140351 0.16474780701754385 0.15515350877192982 0.12116228070175439
0 0.9056414473684211 0.05021107456140351 0.10684758771929825 0.10042214912280702
0 0.5251589912280702 0.10399396929824561 0.07931286549707603 0.14183388157894739
0 0.6440058479532164 0.6342461622807017 0.0891812865497076 0.11498355263157896
