0 0.034234283625731 0.05003015350877193 0.06603252923976607 0.09786458333333332
0 0.09405519005847952 0.07442434210526316 0.07602339181286549 0.060764802631578935
0 0.10830957602339181 0.028656798245614037 0.07772843567251461 0.057313596491228073
0 0.058236476608187135 0.11909265350877192 0.11647112573099416 0.11756030701754386
0 0.044102704678362574 0.27494243421052633 0.07651133040935673 0.11274945175438594
0 0.02722953216374269 0.3854166666666667 0.05445906432748538 0.15296052631578946
0 0.45004934210526315 0.03119517543859649 0.05701754385964912 0.06238760964912281
0 0.3542269736842105 0.07686677631578948 0.1736111111111111 0.09671875
0 0.4309210526315789 0.17625822368421054 0.07967836257309942 0.12736842105263155
0 0.5389857456140351 0.13625 0.06432748538011696 0.08755756578947367
0 0.6675804093567251 0.13588267543859647 0.13267543859649122 0.08682565789473683
0 0.5403874269005848 0.048730811403508774 0.07322185672514621 0.09746162280701755
0 0.6560672514619883 0.04526041666666667 0.10599415204678363 0.08101699561403508
0 0.9184027777777778 0.049342105263157895 0.11421783625730994 0.09868421052631579
0 0.9446875 0.1508607456140351 0.11062317251461987 0.12409265350877194
0 0.9702722953216374 0.35443804824561403 0.059453581871345015 0.12189144736842102
0 0.7115625 0.3688733552631579 0.13048245614035087 0.1105564692982456
0 0.5471491228070176 0.23905701754385966 0.07821637426900585 0.1305263157894737
0 0.5437372076023391 0.42601699561403505 0.051900584795321635 0.04026864035087722
0 0.5770595760233919 0.48722039473684214 0.11488852339181288 0.08591831140350872
0 0.7262426900584795 0.4907839912280702 0.17811951754385966 0.08756030701754387
0 0.5648154239766082 0.6312719298245615 0.10136513157894739 0.2113760964912281
0 0.2161312134502924 0.736625548245614 0.1496107456140351 0.21557291666666661
0 0.285453216374269 0.5388459429824561 0.15423976608187134 0.1654139254385965
0 0.7685179093567251 0.7331441885964913 0.167640716374269 0.12454495614035092
0 0.43189510233918127 0.7487582236842105 0.0962481725146199 0.186842105263158
0 0.43134685672514617 0.2959703947368421 0.0914967105263158 0.13653234649122808
0 0.31396198830409355 0.3146080043859649 0.13815789473684212 0.1372560307017544
0 0.7922149122807017 0.6218558114035089 0.08223684210526316 0.09568530701754396
0 0.7368421052631579 0.5980071271929825 0.1871345029239766 0.14484649122807014
0 0.6942013888888889 0.26307017543859645 0.09210526315789473 0.08534813596491232
