0 0.7075109649122807 0.9398492324561404 0.18603801169590642 0.1154468201754385
0 0.17548428362573099 0.7718421052631579 0.15360014619883042 0.1741694078947368
0 0.2930829678362573 0.7662198464912281 0.08726242690058479 0.2150054824561404
0 0.38952850877192985 0.7639583333333334 0.10562865497076024 0.2337801535087719
0 0.1876827485380117 0.9427768640350878 0.1789108187134503 0.11444627192982457
0 0.5198739035087719 0.7133360745614035 0.0693530701754386 0.12020285087719298
0 0.7214455409356725 0.7345723684210526 0.17278874269005848 0.14348958333333328
0 0.5837902046783626 0.828859649122807 0.04093567251461988 0.06342105263157886
0 0.944078947368421 0.3329961622807017 0.1118421052631579 0.14077302631578947
0 0.9461348684210527 0.19583059210526316 0.10773026315789473 0.11041118421052631
0 0.9090826023391813 0.1085827850877193 0.09576023391812866 0.08531524122807017
0 0.6172331871345029 0.033119517543859646 0.11878654970760234 0.06623903508771929
0 0.525264985380117 0.0371655701754386 0.0783077485380117 0.04938322368421053
0 0.528874269005848 0.14370065789473685 0.09009502923976608 0.1103152412280702
0 0.5323008040935673 0.2647615131578947 0.09420687134502924 0.15644462719298244
0 0.6197916666666666 0.2111951754385965 0.0800438596491228 0.0410855263157895
0 0.6897386695906432 0.36666666666666664 0.11851242690058479 0.0984649122807017
0 0.3824926900584795 0.22202576754385966 0.12262426900584796 0.13675986842105264
0 0.3142361111111111 0.09424342105263159 0.22551169590643275 0.14024122807017544
0 0.2590460526315789 0.3217077850877193 0.2065058479532164 0.20591831140350877
0 0.05139802631578947 0.09007127192982456 0.10279605263157894 0.07844024122807017
0 0.04244334795321637 0.15645833333333334 0.08488669590643275 0.10568256578947367
0 0.028737207602339183 0.2320339912280702 0.057474415204678365 0.09372807017543862
0 0.020513523391812866 0.3170586622807018 0.04102704678362573 0.10890076754385965
