0 0.6008771929824561 0.07571820175438597 0.23684210526315788 0.11086622807017546
0 0.6126334064327486 0.19694627192982458 0.2591374269005848 0.11391995614035086
0 0.6000237573099415 0.32593475877192984 0.23269919590643273 0.13797971491228067
0 0.5302138157894737 0.5539939692982456 0.1003892543859649 0.14819353070175442
0 0.5433717105263157 0.7366063596491228 0.11208516081871343 0.20091831140350871
0 0.7514619883040936 0.8813185307017545 0.15789473684210525 0.132154605263158
0 0.9769736842105263 0.47287280701754386 0.046052631578947366 0.146765350877193
0 0.9519974415204678 0.24896381578947369 0.0960032894736842 0.13571820175438595
0 0.34764802631578945 0.6374890350877193 0.15557931286549706 0.17994791666666662
0 0.26413194444444443 0.457609649122807 0.28459978070175435 0.18751644736842105
0 0.34508954678362574 0.23516995614035088 0.16264619883040934 0.12092379385964909
0 0.03527046783625731 0.203125 0.07054093567251463 0.15350877192982457
0 0.05397112573099414 0.10019736842105263 0.08114035087719297 0.1269298245614035
0 0.17811951754385966 0.8153618421052632 0.2733918128654971 0.2999479166666667
0 0.9064327485380117 0.10374177631578947 0.09746527777777776 0.11391721491228071
