0 0.9497898391812866 0.05094572368421053 0.1004203216374269 0.10189144736842105
0 0.9751461988304093 0.15186403508771928 0.049707602339181284 0.1554248903508772
0 0.9808570906432749 0.290202850877193 0.03828581871345029 0.09904605263157897
0 0.6559301900584795 0.24553179824561405 0.05455043859649123 0.07549616228070175
0 0.6245888157894737 0.377140899122807 0.07044956140350878 0.17834978070175436
0 0.7725694444444444 0.4214254385964912 0.10416666666666667 0.20935032894736844
0 0.04047880116959064 0.048218201754385966 0.0800438596491228 0.09643366228070176
0 0.3809393274853801 0.03533991228070175 0.07017543859649122 0.07067708333333333
0 0.26484831871345027 0.08898300438596492 0.11668494152046784 0.11464089912280703
0 0.22898391812865498 0.17675438596491228 0.09338450292397661 0.08048245614035086
0 0.5234831871345029 0.3944161184210526 0.09210526315789473 0.2019353070175438
0 0.40807748538011696 0.3888130482456141 0.09338450292397661 0.18799067982456139
0 0.2781432748538012 0.39868146929824566 0.09301900584795321 0.1857922149122807
0 0.17461622807017543 0.34989857456140355 0.11074561403508772 0.16498629385964908
0 0.4458150584795322 0.08462993421052632 0.06834795321637427 0.16925986842105264
0 0.5112847222222222 0.08435581140350877 0.07775950292397661 0.16871162280701754
0 0.6526864035087719 0.06462719298245614 0.0800438596491228 0.1292543859649123
0 0.7410453216374269 0.03476151315789474 0.08315058479532164 0.06952302631578948
0 0.7483095760233918 0.12471491228070175 0.0876279239766082 0.13402412280701753
0 0.3278051900584795 0.21910910087719296 0.07264254385964912 0.10214364035087717
0 0.8201754385964912 0.9009731359649122 0.1829312865497076 0.19805372807017543
0 0.6444627192982456 0.9225603070175439 0.10014619883040936 0.15487938596491227
0 0.49593384502923976 0.9194764254385965 0.1091922514619883 0.16104714912280702
0 0.3470394736842105 0.8941200657894737 0.1613669590643275 0.21175986842105263
0 0.19266264619883042 0.8845257675438597 0.16602704678362573 0.23094846491228072
0 0.0729623538011696 0.8824698464912281 0.1459247076023392 0.23506030701754385
