0 0.8252010233918129 0.08080592105263157 0.19480994152046785 0.15776041666666665
0 0.23355263157894737 0.027480811403508772 0.06359649122807018 0.054961622807017545
0 0.32569444444444445 0.034714912280701754 0.08048245614035089 0.06942708333333333
0 0.40961257309941523 0.052527412280701756 0.058260233918128686 0.06974780701754386
0 0.5061220760233918 0.023711622807017545 0.16575292397660818 0.04742324561403509
0 0.5251461988304094 0.2920367324561403 0.14824561403508768 0.11345668859649119
0 0.5180190058479532 0.4437883771929825 0.10694444444444441 0.1450356359649123
0 0.352266081871345 0.4112828947368421 0.10804093567251459 0.17322368421052634
0 0.3192616959064328 0.5222149122807017 0.06761695906432749 0.0760087719298245
0 0.4516081871345029 0.6091392543859648 0.14152046783625724 0.1599424342105264
0 0.4605263157894737 0.7414418859649123 0.1476608187134503 0.12520559210526316
0 0.4735014619883041 0.8577686403508772 0.17024853801169598 0.1267516447368422
0 0.44035087719298244 0.9457785087719298 0.2447368421052631 0.10844298245614045
0 0.8633296783625731 0.8575986842105263 0.18806286549707601 0.2533552631578947
0 0.9364290935672516 0.678015350877193 0.12714181286549694 0.19682017543859648
0 0.8391228070175439 0.7034566885964912 0.1569444444444443 0.1205098684210526
0 0.9044005847953217 0.4981304824561404 0.1603070175438598 0.16709429824561403
0 0.8899634502923977 0.36217105263157895 0.18333333333333346 0.1671052631578947
0 0.2764619883040936 0.2553919956140351 0.08289473684210524 0.08622532894736841
0 0.11615497076023393 0.2406441885964912 0.12046783625730995 0.13238486842105263
0 0.10190058479532164 0.3730345394736842 0.13435672514619884 0.17019462719298242
0 0.06524122807017543 0.5310279605263158 0.13048245614035087 0.1769709429824562
0 0.041264619883040934 0.6650904605263158 0.08252923976608187 0.101891447368421
0 0.1447002923976608 0.8068009868421053 0.09378654970760236 0.13860197368421048
