0 0.7298062865497076 0.026817434210526316 0.1027046783625731 0.05363486842105263
0 0.07460709064327485 0.013125000000000001 0.07611476608187134 0.026250000000000002
0 0.31414473684210525 0.011924342105263159 0.1385233918128655 0.023848684210526317
0 0.5937956871345029 0.02326480263157895 0.1459247076023392 0.046526864035087726
0 0.2743512426900585 0.25211348684210527 0.14665570175438597 0.12703124999999998
0 0.41812865497076024 0.24252192982456142 0.13541666666666666 0.11333333333333334
0 0.565515350877193 0.2266968201754386 0.13961988304093567 0.09675986842105264
0 0.4071637426900585 0.44328399122807016 0.15003654970760233 0.2818558114035088
0 0.7676809210526315 0.4075548245614035 0.18119517543859648 0.2350657894736842
0 0.7032163742690059 0.22040844298245613 0.1427266081871345 0.09514802631578945
0 0.84078033625731 0.2132127192982456 0.15195540935672514 0.11501918859649121
0 0.9618969298245614 0.23412280701754387 0.0762061403508772 0.14697368421052634
0 0.96875 0.3567708333333333 0.0625 0.1208854166666666
0 0.6143092105263158 0.6288815789473684 0.7713815789473685 0.7034868421052631
