0 0.9449926900584795 0.0782373903508772 0.11001461988304094 0.10128563596491229
0 0.970577485380117 0.20293585526315788 0.05884502923976608 0.09300986842105262
0 0.7315423976608187 0.43625 0.14607638888888888 0.16124177631578948
0 0.6770230263157895 0.2808580043859649 0.09917214912280703 0.1446820175438596
0 0.6629513888888889 0.17315241228070175 0.11366959064327485 0.11019736842105263
0 0.6614894005847953 0.09961896929824562 0.10587171052631578 0.06729166666666667
0 0.6475383771929825 0.015849780701754385 0.09868421052631579 0.03169956140350877
0 0.549890350877193 0.45653508771929824 0.07760782163742691 0.1104385964912281
0 0.2626699561403509 0.42739309210526316 0.1452247807017544 0.11611567982456145
0 0.27753472222222225 0.2803097587719298 0.1067251461988304 0.12531524122807014
0 0.4328088450292398 0.2735498903508772 0.07492690058479533 0.13737664473684208
0 0.3435672514619883 0.16136787280701753 0.11695906432748537 0.11769188596491226
0 0.4291538742690058 0.05138432017543859 0.09198282163742688 0.051233552631578944
0 0.32090643274853803 0.03722313596491228 0.11062317251461987 0.0576343201754386
0 0.33235928362573103 0.09313322368421052 0.10428910818713452 0.05980263157894736
0 0.07894736842105263 0.0629797149122807 0.13352887426900586 0.12595668859649123
0 0.05866228070175439 0.13993969298245615 0.11732456140350878 0.07702850877192982
0 0.02631578947368421 0.3798930921052631 0.05263157894736842 0.07228618421052627
0 0.2566703216374269 0.9436677631578947 0.2991593567251462 0.11266447368421052
0 0.42105263157894735 0.8416611842105264 0.08674524853801172 0.12410910087719298
0 0.5624396929824561 0.881844846491228 0.11001461988304094 0.233717105263158
0 0.4333570906432748 0.9512911184210526 0.04069261695906434 0.07290296052631574
0 0.7342836257309941 0.8802987938596492 0.22831323099415204 0.17397203947368411
0 0.6387061403508771 0.8214775219298246 0.03837719298245614 0.04902412280701758
