0 0.5521290204678363 0.8923711622807017 0.17955043859649122 0.15069353070175426
0 0.7162828947368421 0.6739336622807018 0.11951754385964912 0.21820723684210538
0 0.5086805555555556 0.6744873903508772 0.12463450292397661 0.175452302631579
0 0.9130573830409356 0.9375575657894737 0.15579312865497075 0.09441337719298247
0 0.9106816520467836 0.8269709429824561 0.17863669590643275 0.10624725877192986
0 0.954358552631579 0.6742817982456141 0.0912828947368421 0.15722861842105254
0 0.9607547514619883 0.49143640350877194 0.07849049707602339 0.16434484649122813
0 0.8316885964912281 0.4829468201754386 0.12189327485380116 0.11995065789473683
0 0.49917763157894735 0.46732456140350875 0.10928362573099415 0.11611842105263155
0 0.07885599415204679 0.9653919956140351 0.15679824561403508 0.06921600877192982
0 0.09845577485380116 0.683640350877193 0.19508406432748537 0.17895010964912267
0 0.1545138888888889 0.4945093201754386 0.18019005847953215 0.1417023026315789
0 0.03568165204678363 0.5064912280701754 0.07136330409356725 0.2054166666666667
0 0.028326023391812866 0.05592105263157895 0.05592105263157895 0.1118421052631579
0 0.011741593567251463 0.17179276315789474 0.023483187134502925 0.1500520833333333
0 0.06533260233918128 0.18824013157894737 0.089546783625731 0.10071546052631582
0 0.22231359649122806 0.16083059210526318 0.09283625730994152 0.12813322368421054
0 0.25703581871345027 0.0634046052631579 0.06725146198830409 0.09501370614035089
0 0.11727887426900585 0.07860197368421053 0.11211622807017543 0.08976973684210526
0 0.48693347953216376 0.07880482456140352 0.06286549707602339 0.10799616228070176
0 0.6467013888888888 0.1706825657894737 0.07447002923976608 0.14234923245614034
0 0.513797514619883 0.18260690789473683 0.13486842105263158 0.1141173245614035
0 0.5281432748538012 0.025849780701754387 0.13249269005847952 0.0516968201754386
0 0.6245431286549707 0.08929002192982456 0.09685672514619884 0.10566063596491229
0 0.7252832602339181 0.07861842105263159 0.06204312865497076 0.07335800438596492
0 0.7678179824561403 0.15322368421052632 0.12755847953216373 0.15540570175438598
0 0.8552174707602339 0.054912280701754385 0.10773026315789473 0.0725438596491228
0 0.777046783625731 0.01781798245614035 0.18640350877192982 0.0356359649122807
