0 0.7660818713450293 0.9153508771929824 0.2134502923976608 0.1692982456140352
0 0.7164473684210526 0.648171600877193 0.1653508771929825 0.28405975877192985
0 0.5641812865497076 0.9635964912280701 0.09327485380116952 0.07280701754385975
0 0.4016081871345029 0.8868393640350878 0.1073099415204678 0.18135690789473688
0 0.2252375730994152 0.7453179824561403 0.22660818713450293 0.20472861842105272
0 0.20239400584795322 0.07211074561403509 0.10782163742690058 0.11927357456140351
0 0.2953673245614035 0.023675986842105264 0.07903874269005848 0.04735197368421053
0 0.5338541666666666 0.04374725877192982 0.11010599415204679 0.08722039473684211
0 0.43585526315789475 0.1255564692982456 0.10142543859649122 0.08362116228070174
0 0.43411915204678364 0.2312691885964912 0.0851608187134503 0.14839364035087718
0 0.17082419590643275 0.35818804824561407 0.12052266081871345 0.18730811403508774
0 0.2061860380116959 0.22026864035087718 0.13093932748538012 0.12776589912280703
0 0.34247076023391815 0.32653508771929823 0.08278508771929824 0.1443009868421052
0 0.8125 0.05753563596491228 0.07255116959064327 0.06408717105263156
0 0.84375 0.14556743421052631 0.13505116959064328 0.1784703947368421
0 0.5508954678362573 0.09714089912280702 0.13961988304093567 0.07146107456140352
0 0.5667945906432749 0.1822313596491228 0.14948830409356725 0.1237719298245614
0 0.5936586257309941 0.25156798245614037 0.11915204678362573 0.11771929824561406
0 0.9202759502923976 0.06532620614035088 0.08068347953216375 0.1306496710526316
