0 0.8764619883040936 0.037039473684210525 0.13499086257309942 0.07407894736842105
0 0.9751461988304093 0.03618421052631579 0.049707602339181284 0.07236842105263158
0 0.9375913742690059 0.26644736842105265 0.1248172514619883 0.09429824561403509
0 0.9632675438596491 0.34464638157894734 0.07346491228070176 0.11509594298245611
0 0.7858187134502924 0.9436677631578947 0.10964912280701754 0.11266447368421052
0 0.7238669590643275 0.7731003289473685 0.12341557017543858 0.17339089912280695
0 0.542154605263158 0.802061403508772 0.09990314327485382 0.15638706140350878
0 0.70796783625731 0.6183141447368421 0.16593567251461988 0.10139254385964916
0 0.5247934941520468 0.5475082236842105 0.0712719298245614 0.14801260964912274
0 0.6673976608187134 0.271765350877193 0.1310910087719298 0.09726151315789475
0 0.5080409356725146 0.26053179824561407 0.05116959064327485 0.0875822368421053
0 0.3014126461988304 0.045482456140350874 0.16423062865497076 0.09096217105263157
0 0.5191885964912281 0.020970394736842105 0.06761695906432749 0.04194078947368421
0 0.6488797514619883 0.042743969298245615 0.09405519005847955 0.0759813596491228
0 0.05866228070175439 0.03700657894736842 0.11732456140350878 0.07401315789473684
0 0.33473501461988303 0.2953508771929825 0.06639802631578946 0.14077576754385968
0 0.41191520467836257 0.2853892543859649 0.08065241228070175 0.16654057017543858
0 0.2475639619883041 0.2953536184210526 0.11013706140350879 0.1188486842105263
0 0.2569444444444444 0.39621162280701755 0.12646198830409358 0.0939583333333334
0 0.2819809941520468 0.514235197368421 0.13876644736842103 0.14725603070175441
0 0.23330957602339183 0.6311019736842106 0.16203764619883043 0.10504111842105252
0 0.2349543128654971 0.753421052631579 0.19091191520467837 0.14682839912280704
0 0.17385416666666664 0.9523930921052631 0.20394736842105263 0.09521107456140349
0 0.3901078216374269 0.9523930921052631 0.097953216374269 0.09521107456140349
