0 0.8511513157894737 0.0736047149122807 0.10051169590643275 0.059213267543859645
0 0.9110014619883041 0.015076754385964912 0.09247076023391813 0.030153508771929825
0 0.936906067251462 0.032905701754385966 0.10663377192982457 0.05183114035087719
0 0.8531615497076024 0.2380345394736842 0.08991228070175439 0.11943804824561402
0 0.9308753654970761 0.27270559210526313 0.05802266081871345 0.09831962719298244
0 0.9775676169590644 0.25543585526315793 0.04486476608187134 0.14053179824561407
0 0.7368421052631579 0.2250822368421053 0.10398391812865497 0.16068804824561408
0 0.636421783625731 0.11011513157894737 0.13157894736842105 0.11990405701754385
0 0.612390350877193 0.2228234649122807 0.14016812865497075 0.13013157894736843
0 0.3258863304093567 0.17171326754385963 0.11083698830409357 0.1128892543859649
0 0.355171783625731 0.07193804824561403 0.08442982456140351 0.11070997807017544
0 0.20906432748538012 0.046110197368421056 0.08278508771929824 0.09222039473684211
0 0.04504751461988304 0.03652138157894737 0.0891812865497076 0.07304002192982456
0 0.07264254385964912 0.1268201754385965 0.11513157894736842 0.10945175438596491
0 0.5571089181286549 0.5452055921052632 0.1154970760233918 0.17730811403508775
0 0.6301169590643275 0.5980427631578947 0.03673245614035088 0.08698190789473689
0 0.6836165935672515 0.5656907894736842 0.060581140350877194 0.18127467105263156
0 0.7678636695906432 0.5500082236842105 0.10115131578947369 0.1348273026315789
0 0.7627923976608187 0.6355235745614035 0.09375 0.06462993421052643
0 0.7413651315789473 0.7252001096491228 0.1541483918128655 0.14941337719298256
0 0.8939601608187134 0.592889254385965 0.10115131578947369 0.21236842105263165
0 0.9185855263157895 0.8138322368421053 0.11842105263157894 0.1718009868421054
0 0.5561951754385965 0.7518530701754387 0.09173976608187134 0.19175712719298238
0 0.5808205409356725 0.9307839912280702 0.13093932748538012 0.13843201754385964
0 0.789702119883041 0.9379797149122807 0.11741593567251463 0.1240405701754386
0 0.11709612573099415 0.9516858552631579 0.19216008771929824 0.09662828947368421
0 0.1215734649122807 0.8013760964912281 0.2394919590643275 0.18252467105263168
0 0.2288468567251462 0.6270065789473684 0.12143640350877193 0.15313870614035083
0 0.01667580409356725 0.4096326754385965 0.0333516081871345 0.13505482456140347
0 0.23355263157894737 0.4684155701754386 0.17562134502923976 0.16216282894736847
0 0.0758406432748538 0.43408991228070176 0.10873538011695906 0.16066885964912278
0 0.06583516081871345 0.5761239035087719 0.1316703216374269 0.16376096491228068
