0 0.3175566520467836 0.08657072368421052 0.10757858187134504 0.09784813596491226
0 0.03849963450292397 0.08227247807017543 0.07699744152046784 0.1312856359649123
0 0.10751644736842106 0.06254934210526315 0.06274305555555554 0.06259594298245615
0 0.033808479532163746 0.32456140350877194 0.06761695906432749 0.0805921052631579
0 0.024305555555555556 0.4074835526315789 0.04861111111111111 0.0912828947368421
0 0.2923373538011696 0.40603618421052634 0.1716611842105263 0.1136074561403509
0 0.4416429093567252 0.3390762061403509 0.07188048245614034 0.08385416666666669
0 0.5499506578947368 0.3568804824561404 0.08625730994152046 0.1724588815789474
0 0.6985873538011697 0.3588048245614035 0.1398629385964912 0.11600328947368417
0 0.7173483187134503 0.5020504385964912 0.17251461988304093 0.11009320175438593
0 0.4222094298245614 0.5863103070175439 0.09027777777777778 0.17262335526315797
0 0.41532711988304094 0.7860087719298245 0.12646198830409358 0.19555646929824572
0 0.2619389619883041 0.8098547149122807 0.18762244152046784 0.1829413377192982
0 0.5487938596491229 0.5324150219298246 0.06810489766081873 0.13427631578947372
0 0.5672514619883041 0.6859758771929825 0.10136513157894739 0.19103344298245623
0 0.7439692982456141 0.7237116228070175 0.15143823099415207 0.1477138157894736
0 0.9726790935672515 0.3670504385964912 0.054641812865497075 0.1474780701754386
0 0.7892306286549707 0.8908552631578948 0.17495065789473682 0.16584978070175452
0 0.5375858918128655 0.09187225877192982 0.06030701754385965 0.07555646929824561
0 0.6871345029239766 0.08894462719298246 0.10721308479532166 0.12086896929824563
0 0.9480994152046783 0.07569901315789473 0.097953216374269 0.10351699561403509
