0 0.9298245614035088 0.8756387061403509 0.12475694444444446 0.24871984649122805
0 0.6818347953216374 0.8046189692982456 0.07590095029239764 0.15419407894736842
0 0.5478198099415205 0.836077302631579 0.10026864035087721 0.2171107456140352
0 0.7772898391812866 0.8629303728070175 0.12183296783625733 0.2598519736842104
0 0.16209795321637427 0.7363185307017545 0.20991776315789476 0.20034539473684201
0 0.1541483918128655 0.9299616228070176 0.1390716374269006 0.14007675438596492
0 0.02266081871345029 0.7087308114035087 0.04532163742690058 0.19268366228070172
0 0.27491410818713446 0.35370614035087716 0.12950840643274855 0.135046600877193
0 0.30646929824561403 0.22398300438596488 0.10246162280701755 0.1314473684210526
0 0.02942251461988304 0.30167214912280704 0.05884502923976608 0.11156798245614036
0 0.1490625 0.18155427631578946 0.09953764619883038 0.15623629385964913
0 0.30689510233918127 0.10847587719298246 0.08503837719298245 0.10510964912280703
0 0.6198830409356725 0.055307017543859645 0.09454130116959063 0.11061403508771929
0 0.6118421052631579 0.1263843201754386 0.10769919590643273 0.06782894736842103
0 0.6240259502923977 0.26194627192982456 0.14668676900584796 0.14158442982456138
0 0.5981962719298245 0.4055564692982456 0.15350877192982457 0.15102247807017538
0 0.7350749269005847 0.4061896929824561 0.11659356725146199 0.20528782894736838
0 0.8659850146198831 0.4176123903508772 0.09941520467836257 0.1532099780701754
0 0.95546966374269 0.4609183114035088 0.06761695906432749 0.11920778508771927
0 0.903874269005848 0.21947368421052632 0.1922514619883041 0.06139802631578948
0 0.9474287280701754 0.16375 0.10514071637426899 0.06762883771929826
0 0.9177028508771929 0.09806195175438596 0.1139126461988304 0.1025548245614035
0 0.8165204678362573 0.02386787280701754 0.07845942982456139 0.04773574561403508
0 0.9361604532163743 0.03226973684210526 0.10331323099415203 0.06453947368421052
0 0.31773940058479533 0.027886513157894737 0.10428910818713452 0.055773026315789474
0 0.2438468567251462 0.029073464912280703 0.04544407894736843 0.057782346491228063
0 0.09807565789473684 0.053922697368421056 0.09137426900584796 0.06361842105263157
0 0.028691520467836257 0.08086622807017543 0.057383040935672515 0.10142543859649122
