0 0.8447861842105263 0.8045888157894736 0.0960032894736842 0.23454495614035084
0 0.4222094298245614 0.4736924342105263 0.18774305555555554 0.1685087719298245
0 0.13237024853801171 0.32414747807017547 0.15143823099415202 0.14171600877192983
0 0.2583461257309942 0.31255208333333334 0.09636878654970758 0.06407346491228068
0 0.11421783625730994 0.6646107456140351 0.22843567251461988 0.20148026315789475
0 0.13687865497076024 0.4609375 0.2737573099415205 0.19270833333333334
0 0.8329075292397661 0.5699780701754387 0.12463450292397661 0.18929550438596496
0 0.9434393274853801 0.8286732456140351 0.11312134502923976 0.20065789473684212
0 0.8053728070175439 0.22544682017543857 0.09880665204678364 0.11975328947368419
0 0.9641812865497076 0.2578782894736842 0.07163742690058479 0.11334429824561404
0 0.8782894736842105 0.3407373903508772 0.24342105263157895 0.10545230263157897
0 0.8176169590643275 0.08883223684210527 0.12694992690058482 0.1151672149122807
0 0.8154239766081871 0.148859649122807 0.10307017543859649 0.06526041666666665
0 0.5067013888888889 0.26029605263157896 0.2361111111111111 0.20041666666666663
0 0.4456633771929825 0.12053453947368423 0.11647112573099414 0.09998629385964913
0 0.5526315789473685 0.07795778508771929 0.15497076023391812 0.15591557017543858
0 0.3079915935672515 0.1527796052631579 0.0847953216374269 0.14071820175438593
0 0.3114638157894737 0.05745888157894737 0.11488852339181288 0.11491776315789475
