0 0.5889985380116959 0.12624725877192983 0.08972953216374269 0.11515899122807018
0 0.6143092105263158 0.23778782894736844 0.10197368421052631 0.1463541666666667
0 0.7338724415204678 0.1463267543859649 0.06240862573099415 0.07719298245614034
0 0.6126644736842105 0.3689555921052632 0.10964912280701754 0.1482757675438596
0 0.6036184210526315 0.47879385964912285 0.1299342105263158 0.0897149122807018
0 0.615953947368421 0.7122752192982457 0.18201754385964913 0.1907264254385966
0 0.5776681286549707 0.9143366228070176 0.20595760233918128 0.17132675438596492
0 0.7581323099415205 0.9054276315789473 0.15204678362573099 0.18914473684210525
0 0.9303728070175439 0.9239309210526315 0.13925438596491227 0.15213815789473684
0 0.9726334064327485 0.7056030701754386 0.054733187134502925 0.08691885964912278
0 0.9151133040935673 0.6137911184210527 0.14437134502923976 0.08969846491228077
0 0.9790296052631579 0.541735197368421 0.04194078947368421 0.09224506578947374
0 0.9600694444444444 0.4376398026315789 0.0798611111111111 0.13487664473684216
0 0.8396381578947368 0.3748190789473684 0.06286549707602339 0.06542763157894732
0 0.9719480994152047 0.29656798245614036 0.05610380116959064 0.11452028508771929
0 0.8531615497076024 0.2759950657894737 0.09722222222222222 0.1501260964912281
0 0.9516173245614035 0.17220942982456142 0.09676535087719298 0.07688322368421054
0 0.14697551169590642 0.8564007675438596 0.17479897660818713 0.19084703947368423
0 0.2138157894736842 0.6422012061403509 0.12152777777777778 0.18078124999999995
0 0.04034173976608187 0.5863240131578947 0.07885599415204679 0.22665296052631578
0 0.21897843567251463 0.45368695175438595 0.1272843567251462 0.13681743421052636
0 0.19873903508771928 0.3606524122807018 0.049342105263157895 0.057653508771929866
0 0.23748172514619884 0.29723958333333333 0.12682748538011696 0.10763706140350876
0 0.31743421052631576 0.09959429824561403 0.11312134502923976 0.11256853070175438
0 0.0903234649122807 0.06677631578947368 0.11851242690058479 0.10586622807017544
0 0.07300804093567251 0.14447642543859648 0.0720029239766082 0.07760416666666665
0 0.18649488304093567 0.18003015350877194 0.14546783625730994 0.13911732456140352
0 0.5337627923976608 0.1503015350877193 0.02403143274853801 0.07143640350877192
0 0.020924707602339183 0.06767269736842105 0.04093567251461988 0.056946271929824564
0 0.11869517543859649 0.28646381578947366 0.11586257309941521 0.15872532894736838
