0 0.5964309210526316 0.049827302631578946 0.22916666666666666 0.09965186403508772
0 0.5922880116959064 0.15342105263157893 0.20626279239766082 0.10728070175438595
0 0.5246107456140351 0.32288103070175433 0.0891812865497076 0.1263925438596491
0 0.5358790204678362 0.46990679824561404 0.10075475146198828 0.17007675438596492
0 0.716374269005848 0.5857483552631578 0.13157894736842105 0.11667489035087722
0 0.9702722953216374 0.548108552631579 0.059453581871345015 0.14373081140350874
0 0.9702722953216374 0.36978618421052634 0.059453581871345015 0.13065241228070174
0 0.9501699561403508 0.26500548245614036 0.09965826023391812 0.10201480263157897
0 0.9324744152046783 0.09416118421052631 0.13505116959064328 0.13514254385964913
0 0.36744700292397664 0.4019407894736842 0.13547697368421052 0.15110197368421047
0 0.2852101608187135 0.25768914473684207 0.24147112573099414 0.1677933114035088
0 0.22782711988304094 0.5390021929824561 0.2412280701754386 0.24247807017543857
0 0.3599543128654971 0.07962445175438597 0.14851425438596494 0.12050712719298246
0 0.05455043859649123 0.0625 0.10910087719298246 0.125
0 0.030884502923976608 0.24355811403508773 0.061769005847953216 0.07593201754385964
0 0.018031798245614034 0.34226973684210527 0.036061769005847955 0.11399945175438593
