0 0.45358187134502925 0.16588815789473682 0.05677448830409358 0.07373629385964912
0 0.34697916666666667 0.22855263157894737 0.20175438596491227 0.1150027412280702
0 0.4366465643274854 0.3543448464912281 0.07894736842105263 0.13815241228070177
0 0.5548245614035088 0.1803125 0.08138340643274852 0.1574122807017544
0 0.6829915935672515 0.18379111842105264 0.11842105263157894 0.10223135964912282
0 0.6958461257309941 0.29862390350877194 0.1453453947368421 0.09615131578947371
0 0.5472715643274854 0.3096765350877193 0.06140350877192982 0.10181195175438595
0 0.5607949561403509 0.43080866228070175 0.09088633040935672 0.15766721491228072
0 0.7210032894736842 0.4684512061403509 0.12134502923976608 0.10868695175438603
0 0.751218932748538 0.5983552631578948 0.14278691520467834 0.130921052631579
0 0.595577485380117 0.7575548245614034 0.13730445906432748 0.10941063596491231
0 0.7668128654970761 0.7641337719298246 0.20321637426900585 0.11525493421052627
0 0.7682748538011696 0.8990981359649123 0.18664656432748536 0.14944078947368417
0 0.8454861111111112 0.942297149122807 0.09521198830409357 0.11540570175438597
0 0.5785818713450293 0.9089912280701754 0.1118421052631579 0.18201754385964913
0 0.5567744883040936 0.6721847587719298 0.0560434941520468 0.06841557017543858
0 0.4281195175438597 0.5018503289473685 0.10575109649122809 0.1590350877192982
0 0.2965405701754386 0.5277028508771929 0.1496107456140351 0.15408991228070174
0 0.255360014619883 0.8180427631578947 0.1695906432748538 0.2047971491228071
0 0.18201754385964913 0.9734100877192983 0.14473684210526316 0.05317982456140351
0 0.018762792397660818 0.47600054824561405 0.03752375730994152 0.12012883771929825
0 0.04446820175438597 0.28438596491228074 0.08650036549707601 0.1480866228070176
0 0.017726608187134504 0.16885964912280702 0.03545321637426901 0.11458333333333333
0 0.06786001461988304 0.18252741228070177 0.10404422514619883 0.1326014254385965
0 0.9589729532163743 0.18530701754385964 0.08205409356725146 0.10197368421052631
0 0.9739272660818713 0.31389802631578945 0.05214364035087718 0.12852521929824565
