0 0.8694572368421053 0.18924890350877194 0.1587481725146199 0.13507675438596492
0 0.8813358918128655 0.29805098684210524 0.14473684210526316 0.1425219298245614
0 0.8767050438596491 0.4325219298245614 0.23781615497076022 0.1702357456140351
0 0.8389985380116959 0.5755290570175439 0.16605811403508774 0.20587993421052636
0 0.9352156432748538 0.7916666666666666 0.1295687134502924 0.18146929824561403
0 0.5331377923976608 0.1338706140350877 0.11598501461988306 0.10838541666666668
0 0.5358187134502924 0.2458689692982456 0.08723135964912279 0.1386677631578947
0 0.38919407894736846 0.21901041666666668 0.09003472222222224 0.14708333333333332
0 0.47746162280701754 0.3782620614035088 0.12889802631578945 0.13846765350877197
0 0.3603801169590643 0.3161485745614035 0.05799159356725145 0.06541118421052629
0 0.4862938596491228 0.48051260964912285 0.13072551169590643 0.09625548245614031
0 0.4337225877192982 0.5587993421052632 0.2777777777777778 0.12673519736842104
0 0.4706377923976608 0.6829797149122807 0.21271929824561403 0.20879660087719312
0 0.48343019005847954 0.9044216008771929 0.15789473684210525 0.19115405701754384
0 0.3637609649122807 0.9354440789473685 0.0842470760233918 0.12911184210526316
0 0.26151315789473684 0.9019078947368421 0.13194444444444445 0.19343475877192973
0 0.31377923976608185 0.1057373903508772 0.07322185672514621 0.08135690789473683
0 0.17080957602339183 0.08061129385964912 0.09795321637426903 0.1096875
0 0.16477887426900584 0.18785910087719296 0.11391264619883044 0.13777960526315788
0 0.13243238304093566 0.31566337719298243 0.1211019736842105 0.13936677631578948
0 0.082297149122807 0.41652412280701756 0.14144736842105263 0.09255208333333337
0 0.06158625730994152 0.6352796052631579 0.12317251461988304 0.18119517543859648
0 0.09752741228070175 0.8612280701754387 0.1792160087719298 0.25279057017543866
