0 0.563656798245614 0.06661184210526316 0.4828216374269006 0.13322368421052633
0 0.03874269005847953 0.10297149122807017 0.07748538011695906 0.13064967105263156
0 0.2738176169590643 0.4222012061403509 0.1736111111111111 0.14411184210526323
0 0.4329312865497076 0.44073739035087717 0.07760782163742691 0.23418037280701753
0 0.5440423976608187 0.40438322368421054 0.10002375730994151 0.1870559210526316
0 0.42476790935672515 0.6636047149122807 0.0685910087719298 0.10425712719298244
0 0.31122076023391815 0.8777933114035088 0.10465460526315791 0.1452083333333334
0 0.43396747076023395 0.8587911184210526 0.12719298245614036 0.1656798245614034
0 0.5622569444444444 0.8525822368421052 0.1181779970760234 0.13864309210526302
0 0.6613669590643275 0.8480126096491228 0.08369883040935673 0.14047149122807032
0 0.8055555555555556 0.8424396929824561 0.12962902046783625 0.15308114035087708
0 0.6698336988304093 0.6530646929824562 0.12621893274853802 0.11972587719298251
0 0.7982456140350878 0.6553508771929824 0.08089729532163745 0.10785087719298235
0 0.9818165204678363 0.36047149122807015 0.036366959064327485 0.06853070175438597
0 0.936281067251462 0.42271655701754385 0.12548793859649124 0.150625
0 0.8550804093567251 0.4570559210526315 0.12024853801169591 0.25584978070175435
0 0.7312372076023391 0.43814967105263153 0.10282711988304095 0.20159539473684213
0 0.6288980263157895 0.41211622807017545 0.10282711988304095 0.18059484649122806
0 0.9025347222222222 0.07613212719298246 0.09454130116959063 0.13910635964912282
0 0.9711860380116959 0.1011622807017544 0.05762609649122806 0.1489610745614035
