0 0.7736970029239766 0.023887061403508773 0.08905884502923975 0.047774122807017545
0 0.7629148391812866 0.08006304824561403 0.08333333333333333 0.10493695175438598
0 0.8486239035087719 0.1708717105263158 0.25597039473684213 0.10014802631578945
0 0.9173976608187134 0.09468201754385965 0.09015533625730993 0.09031524122807018
0 0.8022660818713451 0.36245065789473685 0.1401078216374269 0.20370065789473682
0 0.9361293859649122 0.41913377192982454 0.12774122807017543 0.11787280701754387
0 0.957845394736842 0.24260690789473682 0.06383954678362572 0.07366502192982456
0 0.9788011695906432 0.023177083333333334 0.04239766081871345 0.046351425438596494
0 0.9863852339181286 0.052768640350877194 0.02722953216374269 0.04523026315789474
0 0.9863852339181286 0.10430372807017543 0.02722953216374269 0.08415570175438597
0 0.49610197368421055 0.1131469298245614 0.20760233918128654 0.16745065789473687
0 0.4216611842105263 0.28434758771929824 0.16837171052631578 0.14069901315789474
0 0.3895595760233918 0.9199561403508771 0.40996527777777775 0.1600877192982456
0 0.07940423976608187 0.9025493421052632 0.15880847953216373 0.19490131578947367
0 0.1449798976608187 0.28054824561403513 0.2850877192982456 0.1659950657894737
0 0.12621893274853802 0.44069078947368423 0.2524360380116959 0.17743695175438595
0 0.30857090643274854 0.04577850877192982 0.08132309941520467 0.09155701754385964
0 0.20126644736842103 0.1773327850877193 0.22709612573099416 0.12952302631578946
0 0.7942251461988304 0.532905701754386 0.08503837719298245 0.19190789473684208
0 0.9069206871345029 0.5536485745614035 0.13742690058479531 0.15481085526315788
0 0.9797149122807017 0.55547149122807 0.04057017543859649 0.19500548245614033
