0 0.8405208333333333 0.027905701754385965 0.12889802631578945 0.05581140350877193
0 0.8649488304093568 0.09614309210526316 0.11805555555555555 0.10785361842105265
0 0.7951991959064327 0.16730263157894737 0.12110197368421054 0.15697094298245612
0 0.8935800438596492 0.31155427631578947 0.14364035087719298 0.13297423245614037
0 0.92671783625731 0.4505921052631579 0.14656432748538012 0.1661677631578947
0 0.9132858187134503 0.8802083333333334 0.1734283625730994 0.23958333333333334
0 0.4670449561403509 0.8240926535087719 0.16045321637426901 0.191313048245614
0 0.28240679824561404 0.8095586622807017 0.1652046783625731 0.2700685307017544
0 0.10843019005847952 0.7418750000000001 0.19249451754385963 0.17307839912280712
0 0.07209429824561403 0.9436677631578947 0.14418859649122806 0.11266447368421052
0 0.08698830409356725 0.8413651315789474 0.1739766081871345 0.1216940789473683
0 0.5112701023391814 0.057702850877192985 0.10514071637426899 0.1059018640350877
0 0.5231487573099415 0.11745339912280703 0.10575109649122809 0.06092927631578947
0 0.4809338450292398 0.1665076754385965 0.22234466374269007 0.08411184210526314
0 0.5433717105263157 0.25365405701754384 0.11208516081871343 0.13048245614035084
0 0.5278380847953216 0.3938788377192982 0.11878654970760234 0.16422149122807014
0 0.4398154239766082 0.40265625000000005 0.06578947368421052 0.10136513157894743
0 0.36019736842105265 0.3712308114035088 0.09539473684210527 0.155452302631579
0 0.1671546052631579 0.21345942982456143 0.14912280701754388 0.1304989035087719
0 0.09368969298245614 0.344734100877193 0.15570175438596492 0.135375548245614
0 0.23276133040935673 0.3523108552631579 0.12804641812865497 0.18890625000000003
0 0.19578399122807016 0.08543859649122808 0.10160818713450293 0.07365405701754385
0 0.23105445906432748 0.03259594298245614 0.09539473684210527 0.06519188596491228
0 0.4182510964912281 0.02176809210526316 0.05433662280701753 0.043168859649122794
