0 0.9803234649122807 0.5148739035087719 0.03935124269005846 0.15036184210526315
0 0.948921783625731 0.2177905701754386 0.10215643274853801 0.10115131578947369
0 0.9775822368421052 0.32066337719298244 0.044833698830409344 0.06530427631578947
0 0.932139985380117 0.12503015350877195 0.12694992690058482 0.09984100877192983
0 0.8912043128654971 0.03349780701754387 0.1181779970760234 0.06662828947368421
0 0.6369700292397661 0.035910087719298246 0.11677631578947369 0.07182017543859649
0 0.6497313596491228 0.12356907894736842 0.1225639619883041 0.11153508771929826
0 0.6316392543859649 0.223969298245614 0.14607638888888888 0.1138651315789474
0 0.6553965643274854 0.34190515350877193 0.16678910818713452 0.1059594298245614
0 0.7102832602339182 0.4990268640350877 0.14376279239766082 0.18628563596491232
0 0.5114528508771929 0.3924287280701754 0.06286549707602339 0.05898300438596493
0 0.5448958333333334 0.5028645833333334 0.12853252923976607 0.18299342105263156
0 0.521686769005848 0.2502768640350877 0.06871345029239766 0.11093201754385963
0 0.6716008771929824 0.9551343201754385 0.3916904239766082 0.0897286184210526
0 0.22834429824561403 0.9710800438596491 0.2410453216374269 0.057839912280701754
0 0.2719298245614035 0.49453125 0.3391812865497076 0.23942982456140352
0 0.42860562865497076 0.05532620614035088 0.05799159356725145 0.11065241228070176
0 0.5154422514619883 0.034402412280701754 0.05646929824561404 0.06880482456140351
0 0.4305555555555556 0.2491858552631579 0.047271564327485395 0.07219846491228073
0 0.2982456140350877 0.2548492324561404 0.12378106725146197 0.07256304824561405
0 0.3140844298245614 0.19290844298245616 0.14571089181286548 0.08391721491228073
0 0.32090643274853803 0.09496984649122807 0.12524305555555554 0.14388706140350876
