0 0.2800164473684211 0.23313322368421052 0.12509137426900585 0.1946107456140351
0 0.7265625 0.3324150219298246 0.08799342105263158 0.16702576754385964
0 0.5631853070175439 0.24513157894736842 0.1230811403508772 0.11581414473684214
0 0.10535453216374269 0.31401589912280703 0.1111111111111111 0.16448739035087714
0 0.07753106725146199 0.42973958333333334 0.15506213450292397 0.14237664473684208
0 0.2018000730994152 0.4988048245614035 0.18430190058479531 0.1489254385964913
0 0.06400767543859649 0.6250082236842106 0.12801535087719298 0.22452302631578952
0 0.13130482456140352 0.8677604166666667 0.16666666666666666 0.22893914473684213
0 0.555921052631579 0.9328399122807017 0.2099780701754386 0.13432017543859648
0 0.7186586257309941 0.4484512061403509 0.11695906432748537 0.09618969298245617
0 0.5714089912280702 0.42152138157894736 0.16145833333333334 0.11497258771929826
0 0.5519919590643275 0.5595120614035087 0.14181286549707603 0.12505482456140346
0 0.5707236842105263 0.6959566885964912 0.1335891812865497 0.13615405701754374
0 0.7388980263157895 0.7663157894736842 0.14738669590643275 0.1850438596491228
0 0.7720668859649122 0.9259868421052632 0.10590277777777778 0.14802631578947367
0 0.9135599415204678 0.9033388157894737 0.1284722222222222 0.19181743421052633
0 0.8949195906432749 0.696047149122807 0.13505116959064328 0.20075657894736834
0 0.9680646929824561 0.704890350877193 0.06387061403508772 0.15128289473684214
0 0.9660087719298246 0.2993530701754386 0.06798245614035088 0.15983552631578946
0 0.8282163742690059 0.2847615131578947 0.07839912280701754 0.13202576754385967
0 0.9529879385964912 0.456047149122807 0.09402412280701754 0.16757949561403507
0 0.5784448099415205 0.3338212719298246 0.15177266081871346 0.1259731359649123
0 0.9090826023391813 0.0520422149122807 0.15058479532163743 0.10408168859649122
