0 0.3336385233918129 0.02936677631578947 0.09100877192982457 0.05873355263157894
0 0.5874141081871345 0.04507675438596491 0.11854349415204679 0.09015350877192982
0 0.7127796052631579 0.05238486842105263 0.08418676900584797 0.10476699561403509
0 0.801109283625731 0.08536732456140352 0.06347404970760233 0.06802905701754385
0 0.8933662280701754 0.04276315789473684 0.1836622807017544 0.08552631578947369
0 0.9605263157894737 0.3302330043859649 0.07894736842105263 0.09723410087719299
0 0.8697605994152047 0.4657949561403509 0.11427814327485379 0.17830043859649125
0 0.9858059210526315 0.48352247807017545 0.028386330409356713 0.1296902412280702
0 0.5690186403508772 0.28281524122807017 0.09880665204678364 0.13945997807017543
0 0.7329440789473685 0.30172971491228073 0.07699744152046782 0.09140076754385963
0 0.6017306286549707 0.42322368421052636 0.10453216374269006 0.17722039473684212
0 0.6086750730994153 0.5922286184210526 0.14035087719298245 0.1826288377192982
0 0.5875365497076024 0.7348793859649123 0.15533625730994152 0.11522752192982466
0 0.9647898391812866 0.6617900219298246 0.07041849415204678 0.16641721491228073
0 0.8545924707602339 0.5759265350877193 0.07541483918128657 0.07509868421052633
0 0.9334795321637427 0.8936951754385964 0.13304093567251463 0.10756304824561412
0 0.5857090643274854 0.9642269736842105 0.17251461988304093 0.07154605263157894
0 0.13368055555555555 0.9272203947368421 0.14199561403508773 0.1455592105263158
0 0.15052448830409357 0.7141063596491228 0.1511933479532164 0.15408991228070174
0 0.0535453216374269 0.5034265350877193 0.1070906432748538 0.17900219298245615
0 0.1726370614035088 0.5072615131578947 0.1527777777777778 0.1278289473684211
0 0.11318165204678361 0.365874451754386 0.1557017543859649 0.164860197368421
0 0.019005847953216373 0.3193832236842105 0.038011695906432746 0.08832785087719296
0 0.041849415204678365 0.2246436403508772 0.08369883040935673 0.13294956140350878
0 0.2680317982456141 0.25835252192982455 0.12183296783625733 0.12708607456140356
