0 0.7767726608187134 0.04531798245614035 0.1162280701754386 0.0906359649122807
0 0.8670047514619883 0.033536184210526315 0.041758040935672515 0.06707236842105263
0 0.923702485380117 0.026685855263157893 0.09210526315789473 0.053371710526315785
0 0.9352613304093568 0.11650219298245613 0.09237938596491228 0.1367845394736842
0 0.8923154239766082 0.15110197368421052 0.0642361111111111 0.13334429824561406
0 0.7735288742690059 0.13959155701754386 0.105171783625731 0.13225328947368423
0 0.7637518274853801 0.4467434210526316 0.07282529239766082 0.10236567982456136
0 0.8747715643274854 0.46509594298245616 0.11759868421052631 0.18293311403508775
0 0.8922240497076024 0.6584375 0.13971125730994152 0.1899561403508772
0 0.7810215643274854 0.7237417763157895 0.09091739766081872 0.10537828947368423
0 0.7889711257309941 0.897546600877193 0.0867141812865497 0.20490679824561403
0 0.9612116228070176 0.9174205043859649 0.07757675438596491 0.16515899122807018
0 0.21870431286549707 0.946203399122807 0.17242324561403508 0.10759320175438597
0 0.23729897660818713 0.8101452850877192 0.1154970760233918 0.18909813596491226
0 0.4153874269005848 0.8161074561403509 0.19572368421052633 0.18046326754385963
0 0.2706048976608187 0.6700411184210526 0.08982090643274854 0.11310581140350869
0 0.438687865497076 0.6582346491228069 0.17470760233918128 0.17721217105263165
0 0.4744608918128655 0.527875548245614 0.15579312865497075 0.14949835526315786
0 0.29431652046783624 0.4960855263157895 0.08333333333333333 0.1407428728070175
0 0.4552266081871345 0.3870449561403509 0.19864766081871346 0.14059484649122803
0 0.34247076023391815 0.24588815789473684 0.07913011695906433 0.13240405701754387
0 0.4930555555555556 0.2836430921052632 0.10983187134502924 0.11608004385964914
0 0.36430921052631576 0.1457593201754386 0.06615497076023392 0.10895559210526316
0 0.5088176169590644 0.18960800438596492 0.11120248538011696 0.12538103070175435
0 0.5101425438596491 0.10779057017543861 0.11659356725146199 0.07961622807017546
0 0.47071454678362573 0.05995065789473684 0.20495248538011696 0.08536458333333333
0 0.5223866959064327 0.020627741228070175 0.08991228070175439 0.04125548245614035
0 0.4043311403508772 0.015970394736842104 0.06578947368421052 0.03194078947368421
0 0.29107273391812866 0.07228070175438597 0.07227704678362573 0.11002467105263158
0 0.1897843567251462 0.05263157894736842 0.13285818713450293 0.10526315789473684
0 0.1314875730994152 0.12952302631578946 0.10489766081871345 0.09430098684210526
0 0.11750730994152046 0.22108552631578948 0.1299342105263158 0.1293996710526316
0 0.10375548245614036 0.320093201754386 0.18375365497076024 0.12319078947368424
0 0.20225694444444445 0.45085526315789476 0.08104897660818713 0.09414199561403504
0 0.06313961988304094 0.4615816885964912 0.1253654970760234 0.14849232456140346
0 0.027275219298245616 0.5934073464912281 0.05455043859649123 0.13253837719298245
0 0.15419407894736842 0.6133004385964913 0.1091922514619883 0.186030701754386
0 0.05094115497076023 0.9667626096491229 0.08908991228070176 0.06647478070175439
