0 0.13614766081871346 0.04029605263157895 0.0763888888888889 0.0805921052631579
0 0.10410635964912279 0.13113486842105262 0.05592105263157895 0.0627110745614035
0 0.029239766081871343 0.10418311403508772 0.05847953216374269 0.08738760964912283
0 0.03307748538011696 0.1728344298245614 0.06615497076023392 0.05345394736842105
0 0.047697368421052634 0.25890899122807015 0.09539473684210527 0.15762061403508773
0 0.1055062134502924 0.3971792763157895 0.08430738304093566 0.06848135964912286
0 0.0553125 0.5578728070175438 0.1106231725146199 0.238188048245614
0 0.21704495614035088 0.4930208333333333 0.18676900584795322 0.16330592105263153
0 0.24677083333333333 0.6369024122807018 0.14875730994152048 0.16780975877192986
0 0.11354714912280703 0.6123300438596492 0.09551717836257308 0.15704221491228074
0 0.599172149122807 0.6909320175438597 0.15058479532163743 0.16804824561403509
0 0.7924579678362573 0.74921875 0.0827247807017544 0.14207785087719305
0 0.6281670321637427 0.5266803728070175 0.1452247807017544 0.1355975877192982
0 0.9163614766081871 0.7418092105263158 0.13803545321637425 0.24604440789473675
0 0.9635416666666666 0.4786184210526316 0.07291666666666667 0.15679824561403508
0 0.9702722953216374 0.3698108552631579 0.059453581871345015 0.08684210526315794
0 0.9525767543859649 0.2916666666666667 0.09484649122807018 0.12280701754385964
0 0.9574798976608186 0.19901041666666666 0.08503837719298245 0.09063596491228067
0 0.84015533625731 0.1577138157894737 0.07699744152046782 0.11769462719298247
0 0.9501699561403508 0.06478618421052632 0.09965826023391812 0.11641447368421053
0 0.8268146929824561 0.05455592105263158 0.06371893274853803 0.10911184210526316
0 0.6169590643274854 0.22575383771929824 0.07894736842105263 0.10574835526315789
0 0.5921052631578947 0.1280043859649123 0.06335343567251463 0.1112719298245614
0 0.5887554824561404 0.040307017543859645 0.07980080409356727 0.08061403508771929
0 0.7156432748538012 0.034827302631578946 0.12037097953216376 0.06965460526315789
0 0.7205171783625731 0.1106469298245614 0.10575109649122809 0.10945175438596491
0 0.7468329678362573 0.22885690789473687 0.09015533625730993 0.13023026315789474
0 0.7693713450292398 0.3952549342105263 0.07431834795321639 0.13224780701754388
0 0.23711622807017543 0.04139254385964912 0.1112938596491228 0.08278508771929824
0 0.35757858187134506 0.058889802631578954 0.06457054093567251 0.10644736842105262
0 0.29830592105263154 0.14787006578947368 0.16167214912280703 0.10531250000000002
0 0.16106176900584793 0.1947313596491228 0.08333333333333331 0.11680372807017546
0 0.3007437865497076 0.24077576754385968 0.1226845760233918 0.12116776315789476
0 0.26120796783625727 0.34930372807017546 0.14717288011695906 0.13354714912280696
0 0.03289473684210526 0.04139254385964912 0.06359649122807018 0.08278508771929824
