0 0.8226425438596491 0.034402412280701754 0.0981359649122807 0.06880482456140351
0 0.7582839912280701 0.1198218201754386 0.21052631578947367 0.12779879385964912
0 0.9500182748538012 0.08086622807017543 0.09959795321637427 0.16173245614035087
0 0.9565661549707603 0.25685307017543857 0.0868658625730994 0.13139254385964913
0 0.23976608187134502 0.2231441885964912 0.08966922514619885 0.12428179824561407
0 0.39296966374269005 0.21601425438596492 0.09515168128654972 0.15023026315789473
0 0.25219298245614036 0.5949890350877193 0.1827485380116959 0.1844956140350877
0 0.0402046783625731 0.7096847587719298 0.0804093567251462 0.1160087719298245
0 0.14169042397660817 0.828985745614035 0.18835343567251464 0.19013706140350875
0 0.6111111111111112 0.7352713815789473 0.17933662280701754 0.22566337719298252
0 0.8081140350877193 0.8004961622807018 0.14692982456140352 0.25011787280701764
0 0.840734649122807 0.9573739035087719 0.09046052631578948 0.08525219298245613
0 0.9580592105263158 0.8525219298245614 0.08388157894736842 0.24835526315789475
0 0.6234466374269005 0.9409265350877193 0.17489035087719298 0.1181469298245614
0 0.023574561403508772 0.47162828947368424 0.047149122807017545 0.11540570175438597
0 0.7359886695906432 0.35155975877192985 0.28045869883040936 0.20202302631578947
0 0.7422642543859649 0.21407346491228071 0.2601114766081871 0.18472313596491224
0 0.3983918128654971 0.08049616228070175 0.14376279239766082 0.14783442982456138
0 0.20723684210526316 0.05482456140350877 0.08333333333333333 0.10964912280701754
0 0.11233004385964912 0.030079495614035084 0.12719298245614036 0.060156249999999994
0 0.13133589181286548 0.1639939692982456 0.14083881578947366 0.14304824561403512
0 0.04532163742690058 0.1461814692982456 0.09064327485380116 0.14214364035087718
