0 0.20339912280701755 0.9066858552631579 0.22130847953216373 0.13135690789473672
0 0.21692251461988304 0.7241557017543859 0.18622076023391812 0.17747807017543848
0 0.38080226608187134 0.6139144736842105 0.08360745614035088 0.16669956140350875
0 0.6647478070175439 0.7415570175438596 0.24305555555555555 0.19857182017543867
0 0.6236750730994152 0.9342105263157895 0.3208150584795322 0.13157894736842105
0 0.6146747076023392 0.5545504385964912 0.2781432748538012 0.17132401315789467
0 0.6426352339181286 0.40618695175438596 0.17690058479532164 0.1281661184210527
0 0.5158077485380117 0.3843311403508772 0.05847953216374269 0.1269407894736842
0 0.9733187134502924 0.3873464912280702 0.0533625730994152 0.11652686403508776
0 0.9671509502923976 0.5241858552631579 0.06569809941520467 0.13115953947368428
0 0.9292306286549707 0.11677357456140351 0.14153874269005848 0.11265625000000001
0 0.9276315789473685 0.036546052631578944 0.1383406432748538 0.06596491228070175
0 0.5441337719298246 0.09806469298245614 0.11147660818713451 0.1314391447368421
0 0.6512701023391813 0.09676809210526316 0.09091739766081872 0.10006030701754386
0 0.39798062865497075 0.08964089912280701 0.10699926900584796 0.11869791666666667
0 0.323921783625731 0.01640625 0.09868421052631579 0.0328125
0 0.3277595029239766 0.35989583333333336 0.2233187134502924 0.11096765350877191
0 0.6017909356725146 0.027480811403508772 0.0668859649122807 0.054961622807017545
