0 0.7584978070175439 0.1193969298245614 0.09429824561403509 0.09597861842105262
0 0.8963358918128655 0.11932839912280702 0.13879751461988304 0.11365405701754386
0 0.8951480263157895 0.22573464912280702 0.14190423976608188 0.10579769736842107
0 0.8565423976608187 0.3227001096491228 0.2227704678362573 0.09276864035087722
0 0.8069718567251462 0.40450657894736847 0.11723318713450293 0.10561403508771935
0 0.8882949561403509 0.5421189692982457 0.08982090643274854 0.09026589912280701
0 0.9641812865497076 0.6069270833333333 0.07163742690058479 0.1458717105263158
0 0.8574561403508771 0.7411458333333333 0.09667397660818713 0.10455043859649113
0 0.9093567251461988 0.9043996710526315 0.18128654970760233 0.19120065789473684
0 0.5584338450292398 0.9145422149122807 0.1318530701754386 0.16351699561403515
0 0.6771747076023392 0.6966008771929824 0.1911549707602339 0.1936403508771929
0 0.6916118421052632 0.5223410087719298 0.12134502923976608 0.15076480263157888
0 0.5711348684210527 0.5214583333333332 0.1444627192982456 0.1569133771929824
0 0.5416209795321637 0.36567160087719297 0.13477704678362573 0.11977521929824562
0 0.6616410818713451 0.22778234649122808 0.09429824561403509 0.1619819078947368
0 0.5025127923976608 0.23484375000000002 0.1004203216374269 0.13909265350877192
0 0.49515716374269003 0.10795504385964912 0.09027777777777778 0.10461622807017544
0 0.13409173976608188 0.9129660087719298 0.19691154970760233 0.17406798245614036
0 0.09818165204678363 0.7111924342105262 0.1671235380116959 0.21048793859649115
0 0.13048245614035087 0.5378070175438596 0.14126461988304093 0.18443804824561402
0 0.1631030701754386 0.4172697368421053 0.14985380116959066 0.07357182017543856
0 0.17690058479532164 0.23739309210526316 0.1390716374269006 0.1373410087719298
0 0.021792763157894735 0.14926809210526315 0.04358552631578947 0.12830592105263156
0 0.09841008771929824 0.12761513157894738 0.1154970760233918 0.15078673245614035
0 0.2214455409356725 0.1287828947368421 0.14135599415204678 0.10241502192982456
