0 0.7069809941520467 0.2403453947368421 0.11425438596491225 0.12740131578947364
0 0.29169590643274856 0.24325383771929823 0.11941520467836259 0.09265076754385965
0 0.538545321637427 0.2573958333333333 0.06381578947368417 0.08365405701754387
0 0.6503874269005848 0.1155372807017544 0.08574561403508768 0.12011239035087722
0 0.6398026315789473 0.03686951754385965 0.0939327485380117 0.0737390350877193
0 0.3478654970760234 0.0367406798245614 0.09546783625730991 0.07326480263157895
0 0.29428362573099415 0.11758497807017544 0.08625730994152046 0.11324287280701754
0 0.43514619883040934 0.10717379385964913 0.062426900584795386 0.10337993421052633
0 0.09018640350877193 0.0234375 0.10434941520467836 0.046875
0 0.4305409356725146 0.5581140350877193 0.07448830409356731 0.09627192982456136
0 0.2895687134502924 0.6634155701754385 0.25526315789473686 0.14350054824561398
0 0.441359649122807 0.642047697368421 0.034722222222222224 0.06348135964912278
0 0.5528362573099415 0.5911677631578948 0.09247076023391813 0.20733278508771932
0 0.7177850877192982 0.5838843201754387 0.15555555555555553 0.12369243421052625
0 0.7461476608187134 0.7854111842105262 0.1918128654970761 0.14077850877192993
0 0.5569663742690059 0.8338870614035088 0.08830409356725143 0.15878289473684204
0 0.5701608187134503 0.9592105263157894 0.11396198830409364 0.08157894736842115
0 0.40272660818713446 0.8957785087719299 0.1073099415204678 0.19375000000000006
0 0.059415204678362574 0.20805646929824562 0.06469298245614036 0.06830317982456142
0 0.026144005847953216 0.09119243421052632 0.05228801169590643 0.09773300438596491
