0 0.053088450292397664 0.23861567982456142 0.06871345029239766 0.057546600877193
0 0.02617872807017544 0.39474780701754386 0.05235745614035088 0.19026315789473683
0 0.19220577485380116 0.9609375 0.19252558479532164 0.078125
0 0.2060032894736842 0.7521271929824562 0.14884868421052633 0.1566666666666668
0 0.405062134502924 0.7499287280701754 0.10380116959064327 0.2125767543859648
0 0.2867781432748538 0.54578125 0.14226973684210525 0.15927083333333333
0 0.27960526315789475 0.44312225877192984 0.13614766081871346 0.08827302631578947
0 0.3315972222222222 0.3620367324561404 0.2565789473684211 0.1001699561403509
0 0.2999817251461988 0.2720751096491228 0.18603801169590642 0.11350054824561405
0 0.29367690058479534 0.15844572368421053 0.10581140350877193 0.10280153508771929
0 0.438687865497076 0.16193804824561403 0.07602339181286549 0.13308662280701755
0 0.8022203947368421 0.9342105263157895 0.19544956140350878 0.13157894736842105
0 0.723547149122807 0.7503399122807017 0.12764985380116958 0.21613760964912287
0 0.7023940058479532 0.5702768640350877 0.1429093567251462 0.17811129385964913
0 0.6936220760233918 0.44894736842105265 0.13633040935672514 0.07114035087719298
0 0.6641995614035088 0.26200109649122805 0.13596491228070176 0.12487938596491227
0 0.5574744152046783 0.14857456140350878 0.09429824561403509 0.14884868421052633
0 0.6704586988304093 0.14933388157894736 0.13294956140350878 0.1078782894736842
0 0.9449926900584795 0.1452357456140351 0.11001461988304094 0.11612938596491229
0 0.9582419590643275 0.2658223684210526 0.08351608187134503 0.1215597587719298
