0 0.5801663011695907 0.032675438596491226 0.11257309941520467 0.06535087719298245
0 0.5568951023391813 0.08995339912280702 0.11720211988304093 0.073547149122807
0 0.70078033625731 0.08903508771929823 0.05652960526315788 0.1119161184210526
0 0.771624634502924 0.038887061403508776 0.06298793859649124 0.07777138157894738
0 0.9046655701754386 0.04098684210526317 0.10977156432748539 0.07795230263157894
0 0.9115497076023392 0.11169407894736844 0.1223190789473684 0.09875274122807019
0 0.9212956871345029 0.1986622807017544 0.14668676900584796 0.11186951754385963
0 0.792154605263158 0.12631578947368424 0.06871345029239766 0.054895833333333345
0 0.7972715643274854 0.18852247807017544 0.07407346491228069 0.09707510964912282
0 0.8165807748538012 0.28380208333333334 0.09685672514619884 0.13595120614035086
0 0.9470942982456141 0.30934758771929827 0.10581140350877193 0.1049890350877193
0 0.8268146929824561 0.40594298245614036 0.08808479532163743 0.12256030701754383
0 0.9401187865497076 0.5495888157894737 0.11976059941520467 0.14669407894736844
0 0.5419718567251463 0.4599643640350877 0.10806469298245612 0.21780701754385964
0 0.6427869152046783 0.3569819078947368 0.057505482456140365 0.07580592105263156
0 0.5729166666666666 0.2740296052631579 0.14071637426900585 0.11457785087719302
0 0.5536677631578948 0.17169133771929826 0.11683662280701754 0.10727247807017543
0 0.5171783625730995 0.9606167763157895 0.18396747076023393 0.07876370614035086
0 0.8950109649122807 0.9628563596491229 0.10544590643274854 0.07428728070175439
0 0.09932383040935673 0.9313322368421053 0.17927631578947367 0.13733552631578946
0 0.0445906432748538 0.19894188596491227 0.0891812865497076 0.2312171052631579
0 0.17050438596491227 0.20367324561403508 0.34100877192982454 0.40734649122807015
