0 0.8823099415204678 0.8734100877192982 0.1922514619883041 0.2531798245614036
0 0.8839546783625731 0.548407346491228 0.2320906432748538 0.11413925438596488
0 0.975328947368421 0.4452220394736842 0.049342105263157895 0.15557565789473682
0 0.8192616959064327 0.3269435307017544 0.12244152046783625 0.07910635964912278
0 0.8144371345029241 0.40789747807017546 0.11571637426900598 0.13026589912280703
0 0.8234649122807017 0.23870888157894735 0.14619883040935672 0.14057291666666666
0 0.9183479532163742 0.03081962719298246 0.09327485380116952 0.06163925438596492
0 0.9848318713450293 0.03191611842105263 0.03033625730994152 0.06383223684210526
0 0.2703033625730994 0.21468749999999998 0.10946637426900585 0.14648300438596495
0 0.2573464912280702 0.3379714912280702 0.09736842105263153 0.15160361842105266
0 0.48059210526315793 0.46505756578947366 0.26081871345029234 0.2149835526315789
0 0.4095029239766082 0.29665844298245614 0.133406432748538 0.13257127192982454
0 0.5294590643274854 0.21901041666666668 0.1701023391812866 0.2097313596491228
0 0.3848318713450293 0.7513788377192983 0.22076023391812866 0.20977796052631567
0 0.1608187134502924 0.1354468201754386 0.11695906432748537 0.09691611842105262
0 0.07383040935672515 0.5599287280701755 0.1476608187134503 0.17468475877192982
0 0.20059758771929825 0.5348163377192983 0.11245065789473684 0.0933881578947368
0 0.1076388888888889 0.7489035087719298 0.2152777777777778 0.20010964912280702
0 0.07943530701754387 0.9651864035087719 0.1588687865497076 0.06962719298245613
