0 0.964546783625731 0.04365953947368421 0.07090643274853801 0.08731633771929824
0 0.9262426900584795 0.06410361842105262 0.06374269005847939 0.0797423245614035
0 0.867781432748538 0.03179824561403509 0.08644005847953216 0.06359649122807018
0 0.8035818713450292 0.16594298245614036 0.08450292397660812 0.11894462719298247
0 0.7244883040935672 0.06075657894736842 0.09590643274853805 0.12151315789473684
0 0.6448099415204679 0.0841063596491228 0.09152046783625735 0.10988212719298246
0 0.5942982456140351 0.1457702850877193 0.11476608187134503 0.13123081140350878
0 0.5447368421052632 0.20786458333333332 0.12967836257309948 0.1973081140350877
0 0.5536915204678363 0.385405701754386 0.0796052631578948 0.10282894736842102
0 0.44744152046783625 0.2619078947368421 0.12368421052631583 0.1639446271929825
0 0.360391081871345 0.29682291666666666 0.12258040935672519 0.1581195175438597
0 0.28346491228070175 0.34793037280701755 0.12390350877192982 0.18138706140350874
0 0.4540423976608187 0.46583607456140347 0.11491228070175442 0.14636513157894737
0 0.19176352339181285 0.4503728070175439 0.1325529970760234 0.21141721491228072
0 0.24908625730994152 0.6217626096491228 0.0851608187134503 0.13022203947368427
0 0.05592105263157895 0.5203508771929825 0.1118421052631579 0.21613760964912276
0 0.15003654970760233 0.11650219298245613 0.29885416666666664 0.23300438596491227
0 0.20705409356725146 0.873952850877193 0.13511147660818712 0.203314144736842
0 0.3230391081871345 0.7751014254385965 0.15265533625730993 0.24318804824561394
0 0.4185544590643275 0.6725191885964912 0.12439144736842106 0.17508223684210522
0 0.49780701754385964 0.6073876096491229 0.0916173245614035 0.12705592105263158
0 0.37335526315789475 0.9432565789473685 0.13876644736842103 0.11348684210526316
0 0.5285690789473684 0.8633031798245614 0.17141812865497075 0.273390899122807
0 0.5960032894736842 0.5053234649122808 0.11257309941520467 0.14405427631578954
0 0.6207364766081871 0.8023053728070175 0.179093567251462 0.2573876096491228
0 0.8767671783625731 0.5441447368421053 0.13681834795321637 0.19793585526315788
0 0.8042160087719299 0.6205098684210526 0.17568165204678363 0.25563870614035084
0 0.7156432748538012 0.7268475877192982 0.1764126461988304 0.24170778508771928
0 0.7621217105263157 0.3564665570175439 0.10489766081871345 0.16249177631578948
0 0.9538249269005847 0.18974780701754387 0.09234831871345028 0.12328125000000001
0 0.8307145467836258 0.2885032894736842 0.08369883040935673 0.11428728070175441
0 0.9367690058479532 0.4743092105263158 0.12646198830409358 0.20446546052631576
0 0.9605263157894737 0.39291666666666664 0.07894736842105263 0.1568119517543859
0 0.9037518274853801 0.2431030701754386 0.07017543859649122 0.08379385964912282
