0 0.8567251461988304 0.052990679824561404 0.06962719298245613 0.10598135964912281
0 0.7525127923976608 0.08621984649122806 0.05217470760233918 0.10089638157894736
0 0.8692434210526315 0.18358004385964913 0.0891812865497076 0.12428728070175439
0 0.49040570175438597 0.1428810307017544 0.13925438596491227 0.12238486842105264
0 0.3986659356725146 0.049155701754385966 0.06542397660818713 0.09392269736842106
0 0.15579312865497075 0.07888432017543859 0.11330409356725146 0.15612390350877192
0 0.32387609649122806 0.42701754385964913 0.08854166666666667 0.16160087719298244
0 0.4993146929824561 0.4420202850877193 0.10681652046783625 0.19297697368421052
0 0.4450840643274854 0.6273848684210526 0.1472953216374269 0.19501096491228068
0 0.14756944444444445 0.7136348684210527 0.0712719298245614 0.07419956140350885
0 0.06702302631578948 0.9609375 0.132218567251462 0.078125
0 0.13788377192982457 0.6269270833333334 0.13961988304093567 0.1159731359649122
0 0.19069809941520469 0.49451754385964913 0.12463450292397661 0.2020257675438596
0 0.04025036549707602 0.6053837719298246 0.08050073099415204 0.12496710526315792
0 0.06368786549707603 0.3892160087719298 0.12280701754385964 0.11341282894736843
0 0.05889071637426901 0.49472861842105265 0.11778143274853801 0.1435142543859649
0 0.40213815789473684 0.9205043859649122 0.1783625730994152 0.15899122807017543
0 0.2396747076023392 0.8793859649122807 0.1421783625730994 0.2412280701754386
0 0.940515350877193 0.5261074561403509 0.07821637426900585 0.15418859649122807
0 0.7753106725146199 0.5853042763157895 0.062134502923976605 0.16293311403508776
0 0.941109283625731 0.7240104166666667 0.11778143274853801 0.1607401315789474
0 0.809484649122807 0.8739857456140352 0.10489766081871345 0.2126096491228071
0 0.9251187865497076 0.90234375 0.1497624269005848 0.1953125
