0 0.19736842105263158 0.03996984649122807 0.1471125730994152 0.07993969298245614
0 0.1459247076023392 0.12485745614035088 0.14108187134502925 0.10963815789473685
0 0.28079312865497075 0.11938048245614036 0.06359649122807018 0.0712719298245614
0 0.25392909356725146 0.21680372807017545 0.07931286549707603 0.1427604166666667
0 0.09767909356725146 0.2163952850877193 0.14692982456140352 0.11179276315789471
0 0.06565241228070176 0.30772478070175435 0.13130482456140352 0.13408991228070175
0 0.06400767543859649 0.42959155701754387 0.12801535087719298 0.1283689692982456
0 0.19430738304093567 0.4594654605263158 0.07136330409356725 0.08615405701754385
0 0.4266264619883041 0.7836129385964912 0.20906432748538012 0.17577850877192977
0 0.2858187134502924 0.5927302631578948 0.10105994152046784 0.14763157894736847
0 0.4683845029239766 0.3438925438596491 0.14820906432748537 0.12555921052631577
0 0.31738852339181284 0.4479660087719298 0.132218567251462 0.15415296052631577
0 0.3298611111111111 0.3306688596491228 0.0758406432748538 0.1169325657894737
0 0.35996893274853803 0.1414172149122807 0.06387061403508772 0.09752467105263157
0 0.4782986111111111 0.23881304824561406 0.13422880116959066 0.11414199561403506
0 0.3502375730994152 0.250671600877193 0.06725146198830409 0.07069627192982458
0 0.49730445906432746 0.15892543859649122 0.12107090643274854 0.10513157894736841
0 0.49520285087719296 0.07552905701754385 0.13331505847953215 0.09869791666666665
0 0.5119700292397661 0.020227521929824563 0.08735380116959064 0.040455043859649126
0 0.4686129385964912 0.4710361842105263 0.1367872807017544 0.10709429824561399
0 0.7322733918128655 0.1110498903508772 0.05829678362573099 0.07928453947368422
0 0.8158808479532164 0.11700657894736842 0.0847953216374269 0.12546052631578947
0 0.8370796783625731 0.22361842105263158 0.09064327485380116 0.10294133771929824
0 0.7480354532163743 0.28275219298245613 0.07428728070175439 0.07455043859649124
0 0.751233552631579 0.3828481359649123 0.06789108187134503 0.13082785087719304
0 0.9009046052631579 0.40614035087719297 0.11869517543859649 0.1609649122807017
0 0.9178545321637427 0.5875027412280702 0.1425438596491228 0.19748355263157896
0 0.7865497076023392 0.7095339912280703 0.09009502923976608 0.15508771929824566
0 0.7552997076023392 0.4955674342105263 0.06779970760233918 0.08762335526315793
