0 0.03275767543859649 0.2077796052631579 0.06551535087719298 0.14390076754385966
0 0.5860745614035088 0.13164473684210526 0.5297880116959064 0.2632894736842105
0 0.9589272660818714 0.06623081140350878 0.08214546783625731 0.09380756578947369
0 0.9502467105263158 0.1998985745614035 0.09950657894736842 0.15418311403508772
0 0.9006761695906432 0.6633826754385965 0.13742690058479531 0.3081222587719298
0 0.9600694444444444 0.6309841008771929 0.0798611111111111 0.20632401315789475
0 0.7657620614035088 0.6283936403508772 0.12070540935672515 0.2422560307017544
0 0.6591282894736842 0.598108552631579 0.1139437134502924 0.22829221491228074
0 0.5555098684210527 0.5955043859649123 0.11138523391812866 0.2367900219298246
0 0.4316063596491228 0.6205235745614035 0.09384137426900585 0.2690104166666667
0 0.2589546783625731 0.5899067982456141 0.2008406432748538 0.18447368421052632
0 0.41812865497076024 0.8936074561403509 0.07328216374269006 0.1230126096491228
0 0.5233004385964912 0.7724671052631579 0.04422514619883041 0.149375
0 0.6716922514619883 0.8946463815789474 0.1875 0.1374314692982457
0 0.8369426169590644 0.907530153508772 0.09676535087719298 0.1302987938596491
