0 0.19084978070175437 0.08976699561403509 0.08321089181286548 0.12068530701754386
0 0.31987024853801166 0.11397478070175437 0.13901133040935673 0.11610745614035087
0 0.31554641812865497 0.21154057017543862 0.07553545321637425 0.12848958333333335
0 0.18061586257309942 0.1800246710526316 0.12122258771929828 0.12576206140350876
0 0.02266081871345029 0.11873081140350877 0.04532163742690058 0.06714089912280703
0 0.09624817251461988 0.09551809210526316 0.10477521929824564 0.15594572368421053
0 0.06871345029239766 0.18477521929824559 0.08869334795321636 0.11333607456140352
0 0.9404239766081871 0.016600877192982456 0.08991228070175439 0.03319901315789474
0 0.8534959795321637 0.18760142543859648 0.11464364035087718 0.15736842105263163
0 0.9589729532163743 0.20435855263157895 0.08205409356725146 0.13843201754385964
0 0.8523391812865497 0.31769188596491227 0.08674524853801172 0.1397724780701754
0 0.9617141812865497 0.3574561403508772 0.07657163742690058 0.1025219298245614
0 0.9641812865497076 0.4852987938596491 0.07163742690058479 0.1277604166666667
0 0.8831633771929824 0.5733662280701755 0.08260233918128655 0.09191063596491227
0 0.9812372076023391 0.5852439692982455 0.03752375730994151 0.08276864035087715
0 0.9790752923976608 0.7091557017543859 0.041849415204678365 0.1737938596491228
0 0.8976608187134503 0.7324999999999999 0.09941520467836257 0.1579824561403508
0 0.780031067251462 0.6221436403508772 0.0871107456140351 0.14925986842105263
0 0.7580409356725146 0.40800986842105263 0.08820723684210528 0.13765899122807013
0 0.6055683479532163 0.4122121710526316 0.0939327485380117 0.14240679824561403
0 0.6152540204678363 0.7895970394736842 0.17300255847953216 0.146080043859649
0 0.5879623538011696 0.9569627192982456 0.18177448830409357 0.08607456140350878
0 0.7395230263157895 0.9403097587719298 0.05116959064327485 0.06555921052631575
0 0.024853801169590642 0.9189967105263158 0.049707602339181284 0.16200657894736842
0 0.17269736842105263 0.9272203947368421 0.17288011695906433 0.1455592105263158
0 0.14814875730994154 0.7722012061403508 0.2134502923976608 0.21180098684210516
0 0.7206377923976608 0.27130482456140353 0.1181779970760234 0.12740679824561407
0 0.5767543859649122 0.2844599780701754 0.07651133040935675 0.1317872807017544
0 0.5701754385964912 0.16259320175438596 0.09259320175438598 0.1329358552631579
0 0.7153380847953216 0.16734375 0.12585343567251464 0.12781798245614034
0 0.03539290935672514 0.6362417763157895 0.06956688596491228 0.07145833333333342
0 0.1895705409356725 0.5803234649122807 0.17446454678362575 0.16430098684210523
0 0.07602339181286549 0.5178481359649123 0.04483369883040935 0.04666118421052626
0 0.12774122807017543 0.47061677631578946 0.07882492690058478 0.06367324561403515
0 0.24567434210526315 0.44046052631578947 0.12950840643274855 0.14590734649122805
0 0.031493055555555566 0.2989610745614035 0.061769005847953216 0.06941337719298243
0 0.08595211988304094 0.3831825657894737 0.10002375730994152 0.1318640350877193
0 0.24780701754385964 0.3136239035087719 0.17885051169590643 0.11153234649122803
0 0.1302394005847953 0.29745614035087714 0.0533625730994152 0.05180646929824559
0 0.9404239766081871 0.9558662280701754 0.11915204678362573 0.08826754385964912
