0 0.5060910087719298 0.015868969298245616 0.047271564327485395 0.03173793859649123
0 0.4149305555555556 0.046463815789473686 0.06962719298245613 0.09292763157894737
0 0.519248903508772 0.08145285087719298 0.0735873538011696 0.11685307017543858
0 0.6440058479532164 0.0964391447368421 0.0648154239766082 0.07372807017543857
0 0.6686165935672514 0.18706140350877193 0.12378106725146197 0.10146107456140349
0 0.6800676169590644 0.2743092105263158 0.1564327485380117 0.07748355263157897
0 0.5500127923976609 0.2799698464912281 0.09978070175438597 0.08077302631578949
0 0.5414236111111111 0.39835526315789477 0.09064327485380116 0.17134594298245617
0 0.6944444444444444 0.36492598684210525 0.1608187134502924 0.11545230263157896
0 0.7171655701754386 0.46678728070175435 0.14656432748538012 0.10170504385964912
0 0.4268402777777778 0.49564967105263164 0.07516995614035087 0.15211896929824564
0 0.2916063596491228 0.33367872807017546 0.1360873538011696 0.1443338815789474
0 0.23653691520467834 0.4895257675438596 0.12828947368421054 0.18190241228070173
0 0.3096984649122807 0.15552083333333333 0.11257309941520467 0.12792763157894738
0 0.4127686403508772 0.12866502192982457 0.0847953216374269 0.09249177631578949
0 0.8847459795321637 0.023541666666666666 0.10282711988304095 0.04708333333333333
0 0.9696637426900585 0.05413925438596491 0.06067251461988304 0.10425712719298244
0 0.9349415204678363 0.15508497807017543 0.1301169590643275 0.10695449561403511
0 0.9733187134502924 0.2718201754385965 0.0533625730994152 0.08092105263157896
0 0.9696637426900585 0.4048410087719298 0.06067251461988304 0.1788349780701754
0 0.037706505847953216 0.2269764254385965 0.07175986842105263 0.1429166666666667
0 0.04727156432748538 0.1310581140350877 0.09454130116959066 0.11555372807017543
0 0.8092105263157895 0.9244791666666666 0.15533625730994152 0.15104166666666666
0 0.22776498538011694 0.9488322368421053 0.21308479532163743 0.10233552631578939
