0 0.017406798245614034 0.16304824561403508 0.03481359649122807 0.14626918859649127
0 0.9238852339181286 0.1002905701754386 0.09247076023391813 0.11943804824561405
0 0.9414747807017544 0.20498355263157894 0.11577119883040936 0.09856359649122806
0 0.7306286549707602 0.25282894736842104 0.16392543859649122 0.22214089912280705
0 0.4010416666666667 0.2905592105263158 0.13230994152046785 0.2518941885964912
0 0.27595029239766083 0.14777138157894737 0.1288377192982456 0.12530975877192982
0 0.4066611842105263 0.12118969298245615 0.12984283625730994 0.09955866228070177
0 0.5395650584795322 0.12084429824561403 0.12792397660818713 0.11120888157894736
0 0.6705500730994152 0.10049890350877193 0.13130482456140352 0.08285087719298245
0 0.7984740497076024 0.1022779605263158 0.13130482456140352 0.10559758771929825
0 0.6046290204678364 0.4357702850877193 0.7090643274853802 0.6107949561403507
