0 0.680921052631579 0.5154413377192982 0.3116465643274854 0.19170230263157892
0 0.6761695906432749 0.3425109649122807 0.2802138157894737 0.1693037280701754
0 0.9282401315789474 0.3575849780701754 0.14351790935672512 0.14645833333333338
0 0.9053965643274854 0.062091557017543854 0.18920504385964912 0.10006030701754386
0 0.9203216374269005 0.1686047149122807 0.15935672514619884 0.16323190789473685
0 0.13432017543859648 0.9135142543859649 0.22624269005847952 0.17297149122807018
0 0.6362079678362573 0.9427987938596492 0.14181286549707603 0.11439967105263156
0 0.7886823830409356 0.9528508771929824 0.15557931286549706 0.09429824561403509
0 0.1100749269005848 0.43908717105263156 0.10928362573099415 0.1395038377192982
0 0.2875237573099415 0.40729166666666666 0.1023391812865497 0.17825383771929823
0 0.0326516812865497 0.39176260964912285 0.0653015350877193 0.15816337719298246
0 0.0648154239766082 0.21006030701754386 0.10038925438596492 0.1401535087719298
0 0.28149305555555554 0.23225877192982455 0.171906067251462 0.15713541666666667
0 0.6848812134502924 0.22933936403508773 0.21600877192982457 0.12205592105263158
0 0.33814510233918127 0.07885964912280702 0.1560672514619883 0.10435855263157894
0 0.0400219298245614 0.04634046052631579 0.07882492690058478 0.09048793859649124
0 0.3641264619883041 0.026726973684210526 0.10105994152046784 0.05345394736842105
0 0.7449433479532164 0.08397478070175438 0.09490679824561402 0.12920504385964912
