0 0.8945084064327485 0.8316063596491228 0.21098318713450293 0.1456688596491227
0 0.8423336988304093 0.6531606359649123 0.13495979532163743 0.15610197368421053
0 0.8457145467836257 0.5458004385964912 0.14720394736842105 0.10448739035087722
0 0.8523391812865497 0.43543859649122807 0.16684941520467836 0.171592653508772
0 0.5457785087719298 0.026817434210526316 0.09649122807017543 0.05363486842105263
0 0.8236476608187134 0.04399671052631579 0.10051169590643275 0.08799342105263158
0 0.9415204678362573 0.0353125 0.07839912280701754 0.06075657894736842
0 0.9481907894736842 0.12862390350877193 0.10361842105263158 0.14046874999999995
0 0.01411732456140351 0.05230263157894737 0.02823464912280702 0.09473410087719299
0 0.20417580409356725 0.06011239035087719 0.11229897660818713 0.09116776315789474
0 0.33278508771929827 0.09012335526315789 0.048793859649122806 0.08814144736842104
0 0.41913377192982454 0.0839501096491228 0.0807748538011696 0.13336348684210525
0 0.5569261695906432 0.0955345394736842 0.089546783625731 0.1058141447368421
0 0.484375 0.09217379385964912 0.0577485380116959 0.11691611842105262
0 0.10996893274853801 0.2994983552631579 0.13404605263157895 0.09707510964912283
0 0.5189144736842105 0.4069956140350877 0.1926169590643275 0.25039747807017554
0 0.45719115497076024 0.7227467105263158 0.3058296783625731 0.2678591008771929
0 0.20641447368421054 0.5577549342105264 0.12317251461988304 0.17362390350877197
0 0.23716191520467836 0.4034950657894737 0.10334429824561403 0.1707538377192982
0 0.38185307017543857 0.5100383771929824 0.1524122807017544 0.1659100877192982
0 0.09836440058479533 0.852702850877193 0.19672880116959066 0.2043092105263157
