0 0.03842288011695907 0.05087171052631579 0.07684576023391813 0.10174342105263158
0 0.024716739766081873 0.14603892543859648 0.049433479532163746 0.10540296052631579
0 0.012701023391812866 0.2574451754385965 0.02448830409356725 0.10617598684210527
0 0.18265716374269006 0.8616584429824561 0.1597222222222222 0.20029331140350878
0 0.30267726608187134 0.801030701754386 0.06807383040935673 0.11878563596491226
0 0.4006761695906433 0.8193887061403509 0.10599415204678363 0.17194627192982462
0 0.577485380116959 0.8206825657894736 0.1471125730994152 0.24717379385964902
0 0.7383040935672515 0.7947231359649123 0.20559210526315788 0.17743695175438595
0 0.7206231725146199 0.9722450657894737 0.20221125730994152 0.055509868421052634
0 0.27595029239766083 0.22923519736842105 0.12152777777777778 0.09361019736842105
0 0.4244791666666667 0.22361293859649123 0.0649671052631579 0.12348684210526316
0 0.42004751461988304 0.3741365131578947 0.07967836257309942 0.1819325657894737
0 0.2625182748538012 0.383390899122807 0.13669590643274854 0.14150493421052632
0 0.6437317251461988 0.04780701754385965 0.11695906432748537 0.07614857456140352
0 0.5130665204678363 0.037324561403508774 0.049342105263157895 0.0730016447368421
0 0.5249451754385965 0.13659813596491227 0.06944444444444445 0.11119243421052631
0 0.6503106725146199 0.1320093201754386 0.08260233918128655 0.11160361842105262
0 0.689327485380117 0.23786458333333335 0.08205409356725146 0.11361293859649124
0 0.5550986842105263 0.25245888157894736 0.10782163742690058 0.10853618421052633
0 0.7183845029239766 0.3681935307017544 0.10727339181286549 0.15223135964912285
0 0.954358552631579 0.2572669956140351 0.0912828947368421 0.13186129385964915
0 0.9680646929824561 0.3885444078947369 0.06387061403508772 0.12577302631578952
0 0.9472770467836257 0.16274396929824564 0.10544590643274854 0.10043311403508773
0 0.917671783625731 0.07278234649122807 0.12024853801169591 0.09731907894736841
0 0.9313779239766082 0.023182565789473683 0.12573099415204678 0.046365131578947366
0 0.5704038742690059 0.3843612938596491 0.14665570175438597 0.15715734649122806
0 0.31564327485380117 0.12164747807017544 0.1298245614035088 0.10382127192982456
0 0.310343567251462 0.046315789473684206 0.1111842105263158 0.05622807017543859
0 0.34210526315789475 0.023163377192982455 0.09941520467836257 0.04632675438596491
