0 0.8265113304093568 0.06153782894736842 0.10818713450292397 0.11722587719298246
0 0.8387554824561404 0.15416666666666667 0.11683662280701754 0.1526315789473684
0 0.9593073830409357 0.17199013157894735 0.08138340643274852 0.08045504385964912
0 0.9593073830409357 0.2816063596491228 0.08138340643274852 0.1608004385964912
0 0.8806652046783626 0.6789610745614035 0.19578399122807016 0.20806743421052626
0 0.8794462719298245 0.8263651315789473 0.15923428362573097 0.12093201754385961
0 0.8739948830409356 0.9436677631578947 0.16429093567251463 0.11266447368421052
0 0.49884320175438596 0.6468338815789474 0.2216136695906433 0.2973218201754386
0 0.3386933479532164 0.7900849780701754 0.18031250000000001 0.21833059210526323
0 0.4339053362573099 0.9537637061403509 0.3427138157894737 0.09246984649122805
0 0.13450292397660818 0.8588075657894736 0.15204678362573099 0.20226151315789484
0 0.16666666666666666 0.6604550438596491 0.14424890350877193 0.2203974780701755
0 0.05500730994152047 0.5091831140350878 0.11001461988304094 0.11759868421052631
0 0.5435544590643274 0.2506606359649123 0.09612573099415204 0.12632127192982454
0 0.5302138157894737 0.15319078947368422 0.10526315789473684 0.08305921052631579
0 0.45991776315789473 0.24508771929824563 0.06457054093567251 0.13162006578947363
0 0.3879751461988304 0.23348410087719298 0.09247076023391813 0.15044407894736847
0 0.1502796052631579 0.21137883771929825 0.13121345029239764 0.10989309210526318
0 0.2937372076023392 0.24527412280701755 0.05385051169590645 0.09909813596491225
0 0.20010964912280702 0.11288103070175441 0.12609649122807018 0.09929824561403511
0 0.33205409356725146 0.03851425438596491 0.05884502923976608 0.07702850877192982
0 0.40021929824561403 0.08593201754385965 0.05238852339181288 0.0874342105263158
0 0.5009137426900585 0.07204495614035088 0.11610562865497075 0.10351973684210526
0 0.5314327485380117 0.026726973684210526 0.097953216374269 0.05345394736842105
