0 0.3172514619883041 0.011688596491228071 0.10544590643274854 0.023377192982456142
0 0.314921418128655 0.05382127192982456 0.13276681286549707 0.06625
0 0.3048245614035088 0.10623629385964913 0.11714181286549707 0.05458059210526316
0 0.4227887426900585 0.09835800438596491 0.04422514619883041 0.05938048245614035
0 0.5029239766081871 0.08910361842105263 0.060124269005847955 0.09432839912280702
0 0.6037554824561403 0.06854989035087719 0.12746710526315788 0.10255756578947368
0 0.6220760233918129 0.016036184210526317 0.11038011695906433 0.032072368421052634
0 0.9064784356725146 0.06697368421052631 0.12436038011695906 0.0925548245614035
0 0.8718019005847953 0.011688596491228071 0.08698830409356725 0.023377192982456142
0 0.9465917397660819 0.2793009868421053 0.10681652046783625 0.13480537280701757
0 0.9443073830409356 0.14665844298245614 0.11138523391812866 0.08333881578947368
0 0.4995888157894737 0.2082593201754386 0.047057748538011694 0.04891721491228072
0 0.6247715643274854 0.16543037280701756 0.1402595029239766 0.09073190789473684
0 0.6740679824561403 0.2879303728070175 0.12280701754385964 0.15480811403508768
0 0.5314784356725146 0.2916995614035087 0.10535453216374269 0.14726973684210523
0 0.2899305555555556 0.2862801535087719 0.29385964912280704 0.20085252192982458
0 0.6505391081871345 0.6751480263157895 0.3416483918128655 0.1589610745614036
0 0.27165570175438597 0.9424342105263158 0.23903508771929824 0.11513157894736842
0 0.6708461257309941 0.9200657894736842 0.39482090643274864 0.15986842105263152
