0 0.38362573099415204 0.08921326754385965 0.06403508771929822 0.11132127192982456
0 0.5234283625730994 0.09885690789473683 0.08267543859649117 0.14376644736842106
0 0.48464912280701755 0.2120997807017544 0.11695906432748537 0.1399890350877193
0 0.464546783625731 0.40211622807017544 0.12207602339181287 0.14502192982456139
0 0.3371345029239766 0.38435307017543857 0.10263157894736841 0.18405701754385967
0 0.31900584795321635 0.5524451754385965 0.13070175438596487 0.1627878289473684
0 0.24360380116959066 0.8955811403508772 0.10782163742690058 0.13524122807017536
0 0.40515350877192985 0.7892406798245615 0.25840643274853803 0.159405153508772
0 0.8675073099415205 0.1475438596491228 0.061769005847953216 0.1402604166666667
0 0.7421418128654971 0.19347861842105263 0.055190058479532164 0.11590460526315788
0 0.766374269005848 0.35651041666666666 0.0751461988304094 0.16784265350877192
0 0.8786659356725147 0.38654605263157893 0.1623026315789475 0.17089912280701755
0 0.8745833333333334 0.27018640350877193 0.11315789473684223 0.10375000000000004
0 0.7689181286549709 0.4895394736842105 0.06776315789473679 0.10714912280701758
0 0.901045321637427 0.5320120614035088 0.1660818713450291 0.16249177631578948
0 0.8215131578947368 0.8957319078947369 0.11520467836257303 0.20853344298245602
0 0.9387902046783626 0.8997258771929824 0.1224195906432747 0.2005482456140352
0 0.9175913742690059 0.7024588815789474 0.16481725146198817 0.1908799342105263
0 0.8017763157894736 0.6841502192982457 0.09035087719298239 0.20470120614035087
0 0.2771198830409357 0.1323245614035088 0.09078947368421056 0.14600877192982453
0 0.24342105263157895 0.2154824561403509 0.10087719298245613 0.07877192982456138
0 0.15679824561403508 0.0650767543859649 0.125 0.0849780701754386
0 0.1108187134502924 0.11260142543859648 0.06081871345029239 0.06270285087719299
0 0.1758406432748538 0.141921600877193 0.0892543859649123 0.09174067982456142
0 0.1185672514619883 0.2034786184210526 0.15526315789473683 0.09313870614035087
0 0.0847953216374269 0.2999177631578947 0.13450292397660818 0.08974506578947365
0 0.046052631578947366 0.3829303728070176 0.0891812865497076 0.06936677631578952
0 0.20010964912280702 0.4499259868421052 0.11440058479532164 0.1573053728070175
0 0.1795687134502924 0.5735498903508772 0.10109649122807018 0.1556551535087719
0 0.04809941520467836 0.6034265350877194 0.09619883040935671 0.14413103070175437
0 0.11176900584795323 0.8102138157894736 0.15190058479532165 0.2506935307017543
