0 0.8916301169590644 0.026011513157894735 0.07730263157894737 0.052020285087719303
0 0.9312865497076024 0.11452576754385965 0.10910087719298246 0.11501644736842107
0 0.9612116228070176 0.2236047149122807 0.07757675438596491 0.10291118421052634
0 0.7604623538011696 0.66875 0.16493055555555555 0.18727796052631568
0 0.5512609649122807 0.7006140350877194 0.08552631578947369 0.1345065789473685
0 0.6953581871345029 0.48237390350877196 0.1160453216374269 0.17088541666666662
0 0.6791849415204678 0.34032894736842106 0.12207602339181287 0.13487938596491228
0 0.6716922514619883 0.2547615131578947 0.11440058479532164 0.05831414473684208
0 0.6579861111111112 0.10287828947368421 0.09429824561403509 0.11639254385964913
0 0.6546966374269005 0.022708333333333334 0.12426900584795321 0.04541666666666667
0 0.5497076023391813 0.034832785087719295 0.08790204678362573 0.06939144736842105
0 0.22948647660818713 0.674936951754386 0.15378289473684212 0.13112390350877198
0 0.24150219298245615 0.4828015350877193 0.12097953216374269 0.13611019736842112
0 0.41895102339181284 0.47115405701754387 0.08406432748538012 0.15392817982456133
0 0.3130482456140351 0.32833881578947366 0.11531432748538012 0.13145833333333332
0 0.30322551169590645 0.2421546052631579 0.11302997076023392 0.060512609649122806
0 0.29468201754385964 0.1745668859649123 0.11695906432748537 0.0706222587719298
0 0.4120065789473684 0.1921080043859649 0.10307017543859649 0.05636513157894734
0 0.31921600877192985 0.1113623903508772 0.16511330409356725 0.09498355263157894
0 0.29395102339181284 0.032009320175438595 0.05701754385964912 0.06401864035087719
0 0.03188961988304093 0.31079495614035085 0.06377923976608187 0.09088815789473682
0 0.049250730994152045 0.2072450657894737 0.09850146198830409 0.15654057017543857
