0 0.40821454678362573 0.6344435307017543 0.06533260233918128 0.1200411184210526
0 0.5116045321637427 0.6155290570175438 0.1341374269005848 0.17540844298245617
0 0.5285087719298246 0.44675986842105264 0.12591374269005848 0.15448739035087725
0 0.5220668859649122 0.343500548245614 0.12490862573099415 0.08365679824561399
0 0.509046052631579 0.2801233552631579 0.11805555555555555 0.07888706140350876
0 0.4983095760233918 0.20087171052631578 0.10663377192982457 0.11226973684210524
0 0.39144736842105265 0.15035087719298246 0.05281432748538012 0.056461074561403514
0 0.4157986111111111 0.0729906798245614 0.07867324561403509 0.12788651315789473
0 0.5513980263157895 0.09539473684210527 0.08305921052631579 0.11924342105263158
0 0.5546875 0.02298245614035088 0.11522295321637427 0.04596491228070176
0 0.855765716374269 0.052025767543859645 0.1271016081871345 0.10405153508771929
0 0.8372624269005848 0.13479166666666667 0.08735380116959064 0.11169133771929826
0 0.8908077485380117 0.25058114035087714 0.1286549707602339 0.1321957236842105
0 0.8164747807017544 0.34495339912280704 0.13258406432748537 0.1770230263157895
0 0.9251187865497076 0.5226480263157894 0.1497624269005848 0.1527494517543859
0 0.9452211257309941 0.7019791666666667 0.1095577485380117 0.18657894736842115
0 0.32213998538011696 0.587283442982456 0.10882675438596491 0.1847094298245614
0 0.10663377192982457 0.39770559210526313 0.1648391812865497 0.14409539473684208
0 0.26690423976608185 0.3220531798245614 0.06871345029239766 0.09695723684210525
0 0.14912280701754385 0.23284813596491227 0.12006578947368421 0.074797149122807
0 0.0546875 0.5707730263157894 0.109375 0.1695065789473684
0 0.17402229532163743 0.5710416666666667 0.15067616959064328 0.21938596491228068
0 0.3940515350877193 0.3316036184210526 0.11558845029239766 0.07219846491228073
0 0.18951023391812866 0.15248355263157895 0.10581140350877193 0.12240131578947368
0 0.21367872807017543 0.053656798245614035 0.10572002923976608 0.10731085526315791
