0 0.5257675438596491 0.04620888157894737 0.11159904970760236 0.09241776315789474
0 0.5463870614035088 0.16168311403508773 0.11080592105263157 0.07921326754385966
0 0.6455592105263158 0.13258223684210527 0.08985197368421054 0.11695449561403508
0 0.636421783625731 0.24679276315789472 0.13492872807017542 0.13338815789473682
0 0.5299707602339181 0.3845394736842105 0.1139126461988304 0.12836348684210525
0 0.7721125730994152 0.27800712719298243 0.07309941520467836 0.07246162280701753
0 0.8035142543859649 0.16195723684210528 0.06097770467836259 0.06697094298245612
0 0.7436641081871345 0.07197368421052631 0.08564875730994154 0.07523026315789472
0 0.7802211257309941 0.027738486842105264 0.15754203216374263 0.05547697368421053
0 0.8124817251461988 0.3796052631578947 0.1446765350877193 0.1331167763157895
0 0.897843567251462 0.19979440789473685 0.12828947368421054 0.09564418859649125
0 0.9308479532163744 0.2590460526315789 0.13362573099415218 0.10340186403508773
0 0.9353070175438597 0.39161732456140347 0.12938596491228072 0.12950657894736844
0 0.5351608187134503 0.8505263157894736 0.15073099415204683 0.23701480263157898
0 0.6515350877192982 0.8924150219298246 0.0764619883040935 0.12342653508771936
0 0.7497441520467837 0.8451123903508772 0.12741228070175445 0.21632401315789462
0 0.9032163742690058 0.875328947368421 0.16315789473684197 0.249342105263158
0 0.21673976608187134 0.4010800438596491 0.14269005847953217 0.1515021929824561
0 0.03687865497076023 0.4169819078947369 0.07375730994152047 0.08813048245614036
0 0.1872076023391813 0.25300712719298246 0.11637426900584796 0.14066611842105264
0 0.2050438596491228 0.15487116228070177 0.1023391812865497 0.13518092105263155
0 0.22927631578947366 0.07904879385964912 0.11352339181286548 0.05700109649122808
0 0.03176169590643275 0.04676535087719298 0.0635233918128655 0.0505482456140351
0 0.11454678362573098 0.8395805921052631 0.16695906432748536 0.1438514254385966
0 0.013194444444444444 0.20037280701754387 0.02638888888888889 0.05732456140350874
