0 0.22130847953216373 0.6374890350877193 0.12463450292397661 0.2056277412280702
0 0.04057017543859649 0.6860718201754386 0.08114035087719298 0.15887883771929828
0 0.21573464912280702 0.4110498903508772 0.20303362573099415 0.17078124999999994
0 0.09923245614035088 0.11219846491228071 0.07785087719298246 0.11173245614035088
0 0.1286549707602339 0.037436951754385966 0.10380116959064327 0.07487390350877193
0 0.23199926900584794 0.08532620614035087 0.1076388888888889 0.09636513157894736
0 0.319124634502924 0.13712445175438598 0.11467470760233918 0.10127741228070176
0 0.23254751461988304 0.19523026315789474 0.06487573099415204 0.0694599780701754
0 0.3203581871345029 0.22790844298245613 0.09978070175438597 0.10055372807017542
0 0.23958333333333334 0.033571820175438596 0.08442982456140351 0.06714089912280702
0 0.3677357456140351 0.05275219298245614 0.12052266081871345 0.1055016447368421
0 0.5992781432748538 0.05152138157894737 0.09018640350877193 0.07946546052631578
0 0.6738724415204678 0.402563048245614 0.23389071637426892 0.14148026315789472
0 0.7502010233918129 0.2174342105263158 0.08123172514619884 0.146765350877193
0 0.7292306286549708 0.10992050438596492 0.08954678362573108 0.13047697368421052
0 0.670796783625731 0.7670120614035087 0.35553728070175444 0.21303179824561413
0 0.663623903508772 0.5455564692982456 0.32017543859649134 0.19445997807017545
0 0.9235197368421053 0.3139884868421053 0.15296052631578946 0.17402686403508769
0 0.9322002923976608 0.07335252192982455 0.13559941520467836 0.09845942982456139
0 0.8734923245614035 0.18297697368421054 0.13514254385964913 0.11485745614035088
0 0.9328855994152047 0.5469490131578947 0.13422880116959066 0.164344846491228
