0 0.4518768274853801 0.08218475877192982 0.14595577485380118 0.11831414473684211
0 0.7817982456140351 0.1305948464912281 0.11866410818713449 0.16762609649122806
0 0.9119152046783626 0.1680592105263158 0.1401078216374269 0.10731359649122807
0 0.9128892543859649 0.0393421052631579 0.05433662280701753 0.07101151315789474
0 0.9571454678362573 0.27069627192982454 0.08570906432748537 0.1631030701754386
0 0.8712847222222222 0.27512609649122804 0.11610562865497075 0.10215186403508768
0 0.7755244883040936 0.2584018640350877 0.0756578947368421 0.15459703947368422
0 0.1722715643274854 0.20669682017543858 0.27631578947368424 0.14256030701754385
0 0.20668859649122806 0.0830043859649123 0.25133954678362574 0.13274671052631581
0 0.4482218567251462 0.6091584429824561 0.3520961257309942 0.26583333333333337
0 0.4415204678362573 0.9532620614035088 0.18019005847953215 0.09347587719298246
0 0.2576754385964912 0.951891447368421 0.08296783625730994 0.0962171052631579
0 0.17373355263157894 0.5788760964912281 0.15740679824561407 0.19795778508771927
0 0.04678362573099415 0.5521107456140351 0.0935672514619883 0.19742050438596487
0 0.0491593567251462 0.7964638157894737 0.0983187134502924 0.17626096491228072
0 0.18488121345029238 0.718843201754386 0.08345577485380117 0.09046600877192995
0 0.12198464912280702 0.9354440789473685 0.11750730994152046 0.12911184210526316
0 0.03819444444444445 0.9623081140350878 0.0763888888888889 0.07483552631578948
