0 0.8157437865497076 0.02272203947368421 0.05436769005847953 0.04544407894736842
0 0.9011330409356725 0.02124451754385965 0.11659356725146199 0.0424890350877193
0 0.9470486111111112 0.06602247807017543 0.10316154970760234 0.07283168859649122
0 0.8353892543859649 0.1331606359649123 0.0918311403508772 0.1303563596491228
0 0.9041483918128655 0.14439967105263157 0.06030701754385965 0.11993695175438596
0 0.9634959795321637 0.14241228070175438 0.07300804093567251 0.1118530701754386
0 0.6174159356725146 0.10986842105263159 0.10818713450292397 0.10021929824561404
0 0.754203216374269 0.1337143640350877 0.04733187134502924 0.08760416666666668
0 0.22487207602339182 0.051768092105263154 0.08333333333333333 0.10353344298245613
0 0.36915204678362573 0.02124451754385965 0.08333333333333333 0.0424890350877193
0 0.33548062865497075 0.07602247807017544 0.17059576023391812 0.10215186403508772
0 0.5926535087719298 0.3518804824561404 0.11531432748538012 0.10179002192982455
0 0.7573556286549707 0.4655701754385965 0.10389254385964912 0.17703124999999997
0 0.7815241228070176 0.622061403508772 0.1074561403508772 0.17751096491228074
0 0.6769919590643275 0.907140899122807 0.3223684210526316 0.18571820175438597
0 0.1040296052631579 0.9115953947368421 0.2080592105263158 0.1768092105263158
0 0.04061586257309942 0.3012883771929824 0.08123172514619884 0.136296600877193
0 0.017772295321637425 0.42057565789473683 0.03554459064327485 0.13226973684210525
0 0.0459155701754386 0.035874451754385965 0.0918311403508772 0.07174890350877193
0 0.1518183479532164 0.30963541666666666 0.1227156432748538 0.12283168859649124
0 0.3049159356725146 0.3313486842105263 0.14839181286549707 0.16489309210526318
0 0.11065423976608187 0.4122039473684211 0.11074561403508772 0.11826754385964913
0 0.23656798245614036 0.4968174342105263 0.15058479532163743 0.1463212719298246
0 0.12340095029239766 0.5728070175438597 0.082328216374269 0.08859923245614036
0 0.2307200292397661 0.6396737938596492 0.13157894736842105 0.14009320175438608
0 0.9573739035087719 0.42987390350877197 0.08525219298245613 0.17279879385964908
0 0.9264894005847953 0.5842845394736842 0.14702119883040934 0.18419407894736836
0 0.955500730994152 0.7833854166666666 0.08899853801169591 0.23425986842105262
