0 0.40442251461988304 0.5959868421052631 0.34709978070175435 0.24679824561403507
0 0.12640168128654972 0.5989172149122807 0.1516812865497076 0.1868695175438596
0 0.0194937865497076 0.5887746710526316 0.03898574561403509 0.20130756578947365
0 0.13779239766081872 0.7385361842105262 0.08796235380116958 0.09330043859649113
0 0.0867141812865497 0.951891447368421 0.11385233918128655 0.0962171052631579
0 0.22356176900584793 0.9583333333333334 0.07919042397660818 0.08333333333333333
0 0.4167269736842105 0.9512499999999999 0.18408808479532163 0.08743969298245602
0 0.15158991228070176 0.025356359649122806 0.12554824561403508 0.05071271929824561
0 0.1423611111111111 0.09963267543859648 0.25426352339181285 0.12579769736842106
0 0.1286549707602339 0.2240542763157895 0.2573099415204678 0.13707236842105266
0 0.3943110380116959 0.0777796052631579 0.14412828947368422 0.11681469298245614
0 0.7040698099415205 0.09613760964912278 0.08503837719298245 0.1443969298245614
0 0.7194206871345029 0.23298793859649125 0.07188048245614034 0.14397203947368423
0 0.8117690058479532 0.24258497807017546 0.11038011695906433 0.08824013157894739
0 0.9035087719298246 0.23088541666666665 0.09649122807017543 0.15256030701754386
0 0.9525767543859649 0.05084978070175439 0.09484649122807018 0.0868969298245614
0 0.8445723684210527 0.0190515350877193 0.05537280701754386 0.0381030701754386
0 0.8428965643274854 0.13734375 0.13486842105263158 0.10436403508771931
