0 0.1867233187134503 0.02396107456140351 0.13039108187134502 0.04792214912280702
0 0.14866593567251463 0.0789720394736842 0.13194444444444445 0.10558662280701753
0 0.11316703216374269 0.14406249999999998 0.13495979532163743 0.11241228070175437
0 0.2881944444444444 0.07143366228070175 0.06560672514619884 0.12614583333333332
0 0.10535453216374269 0.25135690789473686 0.1513157894736842 0.11592653508771933
0 0.24250730994152048 0.2686951754385965 0.06195175438596491 0.07796326754385964
0 0.04810855263157895 0.42718750000000005 0.0962171052631579 0.21265625
0 0.4383680555555556 0.5163623903508772 0.17315423976608188 0.15388980263157898
0 0.32579495614035087 0.3741968201754386 0.08324195906432749 0.12037828947368417
0 0.21678545321637427 0.9427768640350878 0.11193347953216375 0.11444627192982457
0 0.4517543859649123 0.9537417763157895 0.1295687134502924 0.09251644736842106
0 0.9306012426900585 0.5462527412280702 0.13879751461988304 0.13143366228070183
0 0.7657163742690059 0.449577850877193 0.07474415204678363 0.13407894736842102
0 0.8849597953216374 0.3588980263157895 0.10964912280701754 0.15968201754385963
0 0.7418220029239766 0.2977220394736842 0.05820540935672515 0.08804276315789472
0 0.7372989766081871 0.2027110745614035 0.07017543859649122 0.10909813596491229
0 0.8548976608187134 0.21470120614035088 0.12445175438596491 0.12896107456140352
0 0.7780519005847953 0.08793037280701754 0.14802631578947367 0.1248766447368421
0 0.7900676169590644 0.021175986842105265 0.06697733918128655 0.04235197368421053
0 0.3829495614035088 0.0329577850877193 0.05592105263157895 0.0659155701754386
0 0.5134320175438597 0.0339172149122807 0.10855263157894737 0.06618969298245614
0 0.4914565058479532 0.09429276315789474 0.11668494152046784 0.09236567982456141
0 0.3744974415204678 0.09950383771929824 0.05820540935672515 0.05892817982456141
0 0.3622076023391813 0.1625328947368421 0.06377923976608187 0.09179002192982458
0 0.48547149122807015 0.17664473684210524 0.12573099415204678 0.11179002192982454
0 0.48675073099415206 0.2658168859649123 0.12463450292397661 0.08043037280701754
0 0.3420138888888889 0.2518366228070176 0.08735380116959064 0.13798519736842102
