0 0.3229166666666667 0.05139802631578947 0.09685672514619884 0.10279605263157894
0 0.2126736111111111 0.04071271929824562 0.11650219298245613 0.08142543859649123
0 0.42754020467836257 0.04536732456140351 0.06743421052631579 0.09073464912280702
0 0.48930921052631576 0.07058662280701754 0.04568713450292398 0.08195997807017544
0 0.5629751461988304 0.06489857456140351 0.09013157894736838 0.10983826754385967
0 0.8620614035087719 0.03477796052631579 0.11008771929824555 0.06933936403508771
0 0.8831140350877192 0.10658168859649123 0.1127192982456139 0.1252247807017544
0 0.8783625730994151 0.3830455043859649 0.16023391812865484 0.17486293859649124
0 0.9842836257309941 0.5295504385964913 0.031432748538011694 0.08629111842105268
0 0.8819444444444444 0.5447807017543859 0.15423976608187134 0.1496491228070175
0 0.8909356725146198 0.7179002192982457 0.11520467836257303 0.18228892543859643
0 0.9243421052631579 0.916173245614035 0.1513157894736842 0.16765350877192992
0 0.5211074561403509 0.3276343201754386 0.11659356725146199 0.14787006578947365
0 0.5097770467836257 0.5155372807017544 0.1524122807017544 0.12071546052631582
0 0.4597953216374269 0.6797286184210527 0.1785453216374269 0.15304276315789478
0 0.46673976608187134 0.8048711622807018 0.15953947368421054 0.12646381578947372
0 0.29034173976608185 0.7791803728070175 0.08543494152046784 0.1120860745614036
0 0.4109557748538012 0.9242735745614035 0.1841191520467836 0.15145285087719298
0 0.24716739766081872 0.9424342105263158 0.09137426900584796 0.11513157894736842
0 0.10188230994152046 0.2722752192982456 0.10051169590643275 0.13583607456140354
0 0.2492233187134503 0.2744709429824561 0.13112207602339182 0.1128125
0 0.2144097222222222 0.40581414473684213 0.12911184210526316 0.12193804824561401
0 0.05001279239766082 0.579032346491228 0.10002375730994152 0.17085526315789468
0 0.056591739766081874 0.42149945175438597 0.10830957602339181 0.15549616228070176
0 0.37070540935672514 0.3056195175438597 0.0935672514619883 0.16414747807017543
0 0.34315606725146197 0.46392269736842107 0.08506944444444445 0.14906250000000004
0 0.19654605263157895 0.5746875 0.11074561403508772 0.16225877192982457
0 0.03654970760233918 0.7354714912280702 0.07309941520467836 0.12938596491228072
0 0.13505116959064328 0.8426754385964912 0.11415752923976609 0.1736540570175438
