0 0.04006761695906433 0.0331359649122807 0.08013523391812866 0.06626918859649122
0 0.13518823099415206 0.0232702850877193 0.10407529239766082 0.0465405701754386
0 0.24533991228070176 0.01998355263157895 0.11695906432748537 0.03996436403508773
0 0.2004294590643275 0.08547697368421052 0.132218567251462 0.1117406798245614
0 0.1997441520467836 0.22970668859649124 0.1160453216374269 0.05892269736842107
0 0.17242324561403508 0.32392269736842105 0.12097953216374269 0.15003563596491226
0 0.14816337719298245 0.4536348684210526 0.1409904970760234 0.16686403508771924
0 0.17744883040935672 0.63421875 0.16940789473684212 0.18400493421052633
0 0.5354075292397661 0.6200383771929825 0.1442799707602339 0.15427631578947373
0 0.6557931286549707 0.44393640350877195 0.15935672514619884 0.1611732456140351
0 0.5550986842105263 0.33080866228070177 0.12609649122807018 0.09254111842105267
0 0.6691794590643275 0.301000548245614 0.10115131578947369 0.13023574561403506
0 0.5347222222222222 0.18608826754385965 0.1164108187134503 0.1046326754385965
0 0.6489400584795322 0.07670230263157894 0.07072368421052631 0.14353618421052633
0 0.5026498538011696 0.08081688596491228 0.08333333333333333 0.10790570175438596
0 0.8125456871345029 0.4796546052631579 0.07903874269005848 0.09418037280701759
0 0.861202485380117 0.6094846491228071 0.16812865497076024 0.16880482456140355
0 0.9533077485380117 0.5867461622807018 0.056286549707602336 0.09591282894736845
0 0.9557291666666666 0.4673876096491228 0.08854166666666667 0.12309758771929823
0 0.9401955409356725 0.3768804824561403 0.11960891812865497 0.10792763157894732
0 0.8437956871345029 0.3294024122807018 0.07209429824561403 0.07464912280701759
0 0.7731176900584795 0.2112746710526316 0.09429824561403509 0.06728892543859649
0 0.8241045321637427 0.14933388157894736 0.18530701754385964 0.09691337719298244
0 0.8534813596491229 0.06334978070175439 0.1316703216374269 0.08256304824561403
0 0.8666392543859649 0.01751644736842105 0.08854166666666667 0.0350328947368421
