0 0.8472222222222222 0.019158442982456142 0.08625730994152046 0.03831414473684211
0 0.5265588450292398 0.1529824561403509 0.10769919590643273 0.13015899122807015
0 0.40497076023391815 0.14064692982456142 0.10331323099415203 0.14021381578947367
0 0.36951754385964913 0.27037280701754385 0.07383040935672515 0.1365049342105263
0 0.5238176169590644 0.3096573464912281 0.1278015350877193 0.10908168859649121
0 0.4814199561403509 0.42713815789473686 0.1648391812865497 0.11378015350877198
0 0.48623355263157897 0.526532346491228 0.13669590643274854 0.11519736842105258
0 0.2514016812865497 0.21994517543859649 0.11415752923976609 0.11606359649122804
0 0.24189875730994154 0.3518777412280702 0.10002375730994151 0.14600877192982453
0 0.09771016081871345 0.36448739035087724 0.11744700292397658 0.1383305921052632
0 0.11044042397660819 0.24316885964912285 0.09783077485380119 0.12961348684210527
0 0.14857456140350878 0.11910910087719298 0.08881578947368421 0.11906798245614036
0 0.2807017543859649 0.1219435307017544 0.1179331140350877 0.1046326754385965
0 0.09125182748538012 0.48710526315789476 0.0923483187134503 0.11675712719298241
0 0.20059758771929825 0.557171052631579 0.08808479532163743 0.14906524122807016
0 0.4770961257309942 0.8101535087719298 0.1500968567251462 0.13419682017543866
0 0.49451754385964913 0.9418859649122807 0.13864583333333336 0.1162280701754386
0 0.37000548245614034 0.9322916666666666 0.09917214912280703 0.13541666666666666
0 0.265593932748538 0.9185855263157895 0.136452850877193 0.16282894736842105
0 0.051900584795321635 0.6965625 0.10380116959064327 0.17748355263157894
0 0.11586257309941521 0.959703947368421 0.07821637426900585 0.0805921052631579
0 0.2989766081871345 0.6614446271929824 0.08138340643274852 0.15841831140350873
0 0.4390844298245614 0.6448163377192982 0.1715405701754386 0.17267543859649126
0 0.3393640350877193 0.5122724780701754 0.0756578947368421 0.08850603070175436
0 0.9646692251461988 0.19829769736842104 0.05799159356725145 0.09652138157894734
0 0.8363176169590644 0.19911458333333334 0.14607638888888888 0.14749725877192982
0 0.8457602339181286 0.32043311403508773 0.13693896198830408 0.13429002192982453
0 0.9608004385964912 0.3053728070175439 0.07839912280701754 0.07510964912280702
0 0.8506341374269006 0.4519819078947368 0.10769919590643273 0.156156798245614
0 0.9066154970760234 0.6148135964912281 0.17214912280701755 0.17845668859649128
0 0.9191027046783625 0.8283607456140352 0.16179276315789473 0.24553728070175446
