0 0.3028143274853801 0.5895860745614034 0.09515168128654972 0.11338267543859647
0 0.44279970760233917 0.5144901315789473 0.23135964912280702 0.13497532894736838
0 0.08333333333333333 0.36211348684210526 0.16666666666666666 0.12261787280701753
0 0.05001279239766082 0.5191474780701754 0.09880665204678361 0.15342653508771925
0 0.18908442982456142 0.5258086622807018 0.12670504385964912 0.2234018640350878
0 0.35276498538011697 0.32474780701754385 0.09271381578947367 0.1447423245614035
0 0.37524305555555554 0.20351699561403508 0.08771929824561403 0.15630482456140352
0 0.48708516081871345 0.23229440789473682 0.11647112573099414 0.16451480263157892
0 0.17933662280701754 0.05138157894736842 0.13450292397660818 0.08777686403508769
0 0.2909959795321637 0.061430921052631586 0.08857273391812867 0.07498081140350876
0 0.2545687134502924 0.24714638157894733 0.09612573099415204 0.14487938596491223
0 0.23994883040935672 0.3448053728070175 0.09612573099415204 0.14830866228070172
0 0.5021326754385965 0.06533442982456142 0.10879568713450291 0.12116502192982456
0 0.828764619883041 0.1894298245614035 0.20894188596491226 0.15371436403508773
0 0.8625730994152047 0.11469024122807017 0.10721308479532166 0.08829769736842104
0 0.8723812134502924 0.3299342105263158 0.13048245614035087 0.14597861842105259
0 0.8730811403508771 0.6473410087719298 0.2538377192982456 0.2623355263157895
0 0.8604404239766081 0.4416036184210526 0.2479294590643275 0.19022478070175441
