0 0.2850877192982456 0.03594298245614035 0.09259320175438598 0.0718859649122807
0 0.40405701754385964 0.06243695175438597 0.06128106725146198 0.06420230263157894
0 0.45687134502923976 0.03740405701754386 0.10964912280701754 0.07480811403508772
0 0.4998172514619883 0.1546984649122807 0.1358424707602339 0.13541940789473683
0 0.5582364766081871 0.09330592105263158 0.10282711988304095 0.15152412280701755
0 0.6023994883040935 0.03740405701754386 0.07785087719298246 0.07480811403508772
0 0.890107821637427 0.03265625 0.0891812865497076 0.06530975877192982
0 0.8983918128654971 0.10435855263157894 0.15448282163742688 0.14987390350877194
0 0.8348556286549708 0.21462719298245614 0.13828033625730995 0.22014802631578945
0 0.9650950292397661 0.3390515350877193 0.06980994152046784 0.13497258771929826
0 0.7864272660818713 0.32589638157894735 0.12792397660818713 0.13059484649122807
0 0.7646198830409356 0.43222587719298244 0.12573099415204678 0.182436951754386
0 0.7554824561403509 0.5572560307017543 0.18299159356725145 0.22050438596491223
0 0.8728673245614035 0.7981140350877193 0.09247076023391813 0.1466639254385964
0 0.685672514619883 0.707845394736842 0.19200840643274855 0.2292900219298245
0 0.9650950292397661 0.9044216008771929 0.06980994152046784 0.19115405701754384
0 0.6106853070175439 0.8365104166666667 0.19188596491228072 0.24538925438596498
0 0.5577485380116959 0.9322916666666666 0.19931834795321637 0.13541666666666666
0 0.8321765350877193 0.9427987938596492 0.12317251461988304 0.11439967105263156
0 0.13243238304093566 0.04765350877192982 0.1211019736842105 0.09530701754385965
0 0.049707602339181284 0.15161184210526316 0.09941520467836257 0.12559210526315792
0 0.15119334795321637 0.20979166666666668 0.2122313596491228 0.2474342105263158
0 0.2309941520467836 0.5841557017543859 0.4619883040935672 0.8316885964912281
