0 0.02581323099415205 0.02159813596491228 0.0516264619883041 0.043193530701754385
0 0.12618786549707603 0.023788377192982456 0.097953216374269 0.04757675438596491
0 0.3567251461988304 0.03913377192982456 0.10398391812865497 0.07826754385964912
0 0.6160910087719298 0.07654057017543861 0.11741593567251463 0.10757401315789475
0 0.7286641081871345 0.07955043859649122 0.09036915204678363 0.14649122807017542
0 0.6436860380116959 0.017760416666666667 0.10316154970760234 0.035520833333333335
0 0.8320084064327485 0.091203399122807 0.07593201754385964 0.10674616228070175
0 0.9002192982456141 0.11771929824561403 0.054276315789473686 0.08439967105263158
0 0.9613943713450293 0.10949561403508772 0.07721125730994152 0.10632675438596491
0 0.9790296052631579 0.03228344298245614 0.04194078947368421 0.06456688596491228
0 0.9746893274853801 0.38430372807017543 0.05062134502923977 0.1104385964912281
0 0.8644462719298246 0.36572916666666666 0.08415570175438597 0.17060307017543863
0 0.8871070906432749 0.5374451754385965 0.09292763157894737 0.154936951754386
0 0.7768640350877193 0.652047697368421 0.09996345029239766 0.1648437500000001
0 0.5695358187134503 0.48752741228070173 0.07821637426900585 0.14967379385964918
0 0.5954404239766082 0.6568283991228071 0.10535453216374269 0.1716611842105264
0 0.7994334795321637 0.9242735745614035 0.09576023391812866 0.15145285087719298
0 0.7330500730994152 0.4697861842105263 0.1320358187134503 0.12378289473684209
0 0.5701297514619883 0.3301206140350877 0.09311038011695906 0.1377604166666667
0 0.7527869152046783 0.33080592105263157 0.0911001461988304 0.1144654605263158
0 0.9224232456140351 0.8708525219298245 0.09320175438596491 0.1350712719298245
0 0.0503015350877193 0.24289747807017545 0.1006030701754386 0.1565707236842105
0 0.28536184210526316 0.26969024122807017 0.15679824561403508 0.12929002192982453
0 0.14405153508771928 0.23837719298245616 0.09365862573099415 0.13382675438596492
0 0.1227156432748538 0.35135964912280704 0.1421783625730994 0.14460252192982453
0 0.2801991959064328 0.3928125 0.09256213450292397 0.13293859649122808
0 0.026909722222222224 0.3423190789473684 0.05381944444444445 0.11007401315789479
0 0.03476790935672515 0.6038843201754386 0.0695358187134503 0.14389802631578943
0 0.051443713450292396 0.7175603070175438 0.08735380116959064 0.07656524122807029
0 0.18265716374269006 0.6896628289473684 0.14510233918128654 0.18387335526315776
0 0.1160453216374269 0.8515241228070176 0.1964546783625731 0.19783991228070183
0 0.1669407894736842 0.5074616228070176 0.2671783625730994 0.19091008771929827
0 0.5948921783625731 0.8261074561403509 0.17004751461988304 0.173048245614035
