0 0.23288194444444443 0.06957510964912281 0.10148574561403507 0.13914747807017544
0 0.3270595760233918 0.11177905701754386 0.07297697368421051 0.14826480263157893
0 0.3968695175438597 0.17288651315789474 0.07175986842105264 0.23941063596491224
0 0.4757547514619883 0.15817434210526315 0.08162828947368422 0.27029605263157896
0 0.619639985380117 0.12949561403508772 0.08430738304093566 0.2019736842105263
0 0.7122934941520468 0.10483826754385965 0.08808479532163743 0.11976699561403507
0 0.7269133771929824 0.23255208333333333 0.09295869883040937 0.13030701754385962
0 0.9385964912280702 0.10593201754385963 0.12280701754385964 0.1511924342105263
0 0.9653691520467836 0.24246162280701755 0.06926169590643275 0.16858552631578946
0 0.9797149122807017 0.4018338815789474 0.04057017543859649 0.10885690789473687
0 0.6337719298245614 0.3754550438596491 0.06383954678362572 0.0871655701754386
0 0.7663870614035088 0.5786485745614035 0.1182986111111111 0.24501918859649122
0 0.3666538742690058 0.5770970394736842 0.09612573099415204 0.2291228070175439
0 0.49433479532163743 0.5693311403508772 0.09807565789473685 0.2373492324561404
0 0.6040442251461988 0.5241173245614035 0.07748538011695906 0.1889501096491228
0 0.21954130116959064 0.594640899122807 0.10282711988304095 0.21303728070175434
0 0.10502010233918128 0.5509731359649123 0.12719298245614036 0.20976699561403508
0 0.20059758771929825 0.22380208333333335 0.1270705409356725 0.13473684210526318
0 0.15917397660818713 0.32703673245614034 0.11245065789473684 0.07878563596491224
0 0.2736348684210526 0.35770833333333335 0.07943530701754388 0.12111842105263163
0 0.02534173976608187 0.03852247807017544 0.050681652046783626 0.06388706140350878
