0 0.5260105994152047 0.027195723684210523 0.08832785087719297 0.05438870614035088
0 0.33132309941520466 0.029021381578947368 0.23988852339181288 0.058042763157894736
0 0.89546783625731 0.02098410087719298 0.11939510233918127 0.04196820175438596
0 0.6178728070175439 0.2327357456140351 0.2623044590643275 0.11971217105263159
0 0.6317616959064327 0.3829194078947369 0.29008223684210527 0.13499451754385966
0 0.6692251461988304 0.5336540570175439 0.1615497076023392 0.15502741228070174
0 0.5394736842105263 0.5788815789473685 0.10428910818713452 0.06310855263157895
0 0.9483424707602339 0.2719243421052632 0.10331323099415203 0.14509046052631577
0 0.9766684941520468 0.43407894736842106 0.0466611842105263 0.14228070175438595
0 0.02503654970760234 0.2558936403508772 0.05007309941520468 0.1444627192982456
0 0.3267543859649123 0.429734100877193 0.18567251461988304 0.14089912280701755
0 0.2253892543859649 0.7176398026315789 0.3240734649122807 0.22877741228070173
0 0.32699744152046784 0.9240679824561403 0.18128654970760233 0.15186403508771928
0 0.5369755116959064 0.8408826754385965 0.11513157894736842 0.18834429824561402
0 0.5549470029239766 0.9688404605263158 0.13766995614035085 0.062316337719298225
