0 0.5313870614035088 0.6369819078947369 0.12161915204678363 0.2333936403508772
0 0.6954495614035088 0.4961047149122807 0.11440058479532164 0.18738212719298245
0 0.9689784356725146 0.6356743421052632 0.06204312865497076 0.16361567982456138
0 0.8174798976608187 0.34606907894736844 0.12618786549707603 0.1299122807017544
0 0.7801991959064327 0.2522066885964912 0.08013523391812866 0.0929550438596491
0 0.8384502923976608 0.11834978070175439 0.2889254385964912 0.23669956140350878
0 0.5208333333333334 0.12192708333333334 0.09959795321637427 0.11336896929824562
0 0.6419042397660819 0.22305098684210528 0.1425438596491228 0.16759046052631577
0 0.5332145467836257 0.32856907894736836 0.13989400584795322 0.11547423245614036
0 0.6857182017543859 0.36371984649122807 0.10681652046783625 0.10764802631578943
0 0.5187774122807017 0.04406524122807018 0.08177997076023392 0.08813048245614036
0 0.6459247076023392 0.04475054824561404 0.07017543859649122 0.0878563596491228
0 0.5848866959064327 0.04523300438596491 0.04678362573099415 0.05729714912280701
0 0.2543859649122807 0.036940789473684205 0.10032894736842106 0.07388157894736841
0 0.05619517543859649 0.025981359649122807 0.06761695906432749 0.05196271929824561
0 0.1316703216374269 0.042077850877192985 0.09703947368421052 0.08415570175438597
0 0.021975511695906433 0.16466557017543862 0.043951023391812866 0.12209155701754384
0 0.2179733187134503 0.35236019736842106 0.13806652046783627 0.1150822368421053
0 0.23364400584795322 0.12727247807017544 0.12646198830409358 0.08733004385964914
0 0.08986659356725146 0.1229577850877193 0.07556652046783625 0.08390899122807018
0 0.07524671052631579 0.22223135964912283 0.09384137426900585 0.1330592105263158
0 0.22203947368421054 0.2463514254385965 0.08680555555555555 0.09906524122807014
0 0.0323921783625731 0.607563048245614 0.0647843567251462 0.20881853070175432
0 0.05322551169590643 0.46896655701754386 0.10645102339181287 0.09473135964912278
0 0.1894188596491228 0.4702686403508772 0.17690058479532164 0.09870614035087717
0 0.17100694444444445 0.5734484649122807 0.17936769005847952 0.14333333333333337
0 0.16438230994152048 0.7019873903508772 0.17434210526315788 0.12956962719298248
