0 0.04468201754385965 0.045603070175438604 0.08845029239766082 0.08955866228070176
0 0.16735197368421054 0.05450657894736842 0.12088815789473684 0.10901315789473684
0 0.29335709064327486 0.06704495614035089 0.1225328947368421 0.12010964912280703
0 0.24803545321637427 0.16372258771929823 0.13422880116959066 0.09553728070175438
0 0.02585891812865497 0.13316337719298244 0.05080409356725146 0.11939418859649122
0 0.684484649122807 0.11259320175438597 0.07054093567251463 0.12211348684210527
0 0.5598501461988304 0.07757949561403508 0.11001461988304094 0.12199287280701754
0 0.5458241959064327 0.16932565789473686 0.1139437134502924 0.09304002192982458
0 0.5524488304093568 0.2675219298245614 0.10069444444444445 0.1290652412280702
0 0.5708150584795322 0.38080866228070176 0.17214912280701755 0.11852521929824564
0 0.5537280701754386 0.5272669956140351 0.16173245614035087 0.1469161184210527
0 0.7155062134502924 0.5053481359649122 0.07136330409356725 0.09211348684210532
0 0.7298519736842105 0.676110197368421 0.08726242690058479 0.18692434210526307
0 0.5205592105263158 0.6742626096491228 0.15935672514619884 0.15992872807017547
0 0.514985380116959 0.8385910087719298 0.1829312865497076 0.18979166666666658
0 0.7581323099415205 0.030381030701754387 0.06067251461988304 0.0607593201754386
0 0.8845486111111112 0.03065515350877193 0.10243055555555555 0.06130756578947369
0 0.8585526315789473 0.07957510964912282 0.21582602339181287 0.05882127192982457
0 0.8997624269005848 0.13522203947368422 0.15387426900584794 0.08787554824561405
0 0.9340277777777778 0.2165076754385965 0.13194444444444445 0.1161293859649123
0 0.7963267543859649 0.28317160087719295 0.08223684210526316 0.13295504385964912
0 0.9408808479532164 0.3120860745614035 0.11823830409356725 0.11677357456140354
0 0.9303728070175439 0.4266063596491228 0.13925438596491227 0.12788103070175433
0 0.8253837719298246 0.5415350877192983 0.0891812865497076 0.14803453947368414
0 0.9623538011695907 0.5594873903508772 0.07529239766081872 0.13733826754385958
0 0.9644097222222222 0.7057949561403508 0.07118055555555555 0.1626864035087718
0 0.8588267543859649 0.7295751096491228 0.09027777777777778 0.10745065789473672
0 0.8800255847953217 0.8796162280701755 0.11440058479532164 0.19097587719298253
0 0.9698921783625731 0.8683141447368421 0.0602156432748538 0.15878015350877206
0 0.12952302631578946 0.622719298245614 0.25721856725146197 0.7517434210526315
