0 0.5649122807017544 0.8595641447368422 0.16345029239766076 0.1739555921052632
0 0.7562865497076022 0.8709429824561403 0.13976608187134498 0.2581140350877194
0 0.9006688596491228 0.9435855263157894 0.10250730994152048 0.11282894736842115
0 0.944078947368421 0.8258086622807018 0.1118421052631579 0.1527138157894738
0 0.8729897660818714 0.5971463815789473 0.11220760233918128 0.16140076754385965
0 0.8579440789473685 0.4437637061403509 0.11500913742690057 0.16712993421052633
0 0.9492562134502924 0.4418475877192982 0.10148574561403507 0.1431962719298246
0 0.948921783625731 0.1299342105263158 0.10215643274853801 0.14089912280701755
0 0.9607090643274854 0.24816885964912283 0.078093932748538 0.1414391447368421
0 0.7992817982456141 0.11981907894736843 0.0695668859649123 0.10586622807017546
0 0.7083333333333334 0.15379934210526314 0.08382127192982458 0.12996984649122809
0 0.5755354532163742 0.23163925438596492 0.1398629385964912 0.09558662280701756
0 0.703156067251462 0.24908991228070174 0.10392361111111112 0.07383497807017547
0 0.5657894736842105 0.09205043859649123 0.11062317251461987 0.086875
0 0.5773629385964912 0.1468640350877193 0.1362079678362573 0.07223684210526315
0 0.5808972953216375 0.18304276315789475 0.1310910087719298 0.04956414473684209
0 0.31201206140350873 0.08180921052631579 0.1074561403508772 0.16142543859649122
0 0.24780701754385964 0.29138157894736844 0.15692068713450294 0.12369791666666667
0 0.13036001461988306 0.24150219298245615 0.13645285087719294 0.12262335526315787
0 0.15210709064327485 0.14630756578947368 0.08126279239766081 0.14057017543859648
0 0.031067251461988302 0.2323656798245614 0.062134502923976605 0.13358826754385966
0 0.09411549707602339 0.39281798245614036 0.18823099415204678 0.18804824561403508
0 0.036244517543859656 0.5124808114035088 0.0712719298245614 0.09806195175438596
0 0.19864766081871346 0.5786129385964913 0.13535635964912282 0.179155701754386
0 0.13578216374269006 0.7689583333333333 0.17044407894736843 0.2181085526315789
0 0.05250913742690058 0.7049314692982457 0.09040021929824561 0.12111842105263163
0 0.5715149853801169 0.6452713815789474 0.16837171052631578 0.15713815789473679
0 0.7332474415204678 0.48017543859649126 0.10319261695906434 0.1394462719298245
0 0.75 0.6266145833333333 0.09405519005847955 0.17099232456140345
0 0.5852832602339182 0.43304276315789475 0.11062317251461987 0.08612116228070177
0 0.5497679093567251 0.34168859649122807 0.09198282163742688 0.09638706140350874
