0 0.8300438596491229 0.951891447368421 0.10307017543859649 0.0962171052631579
0 0.9404239766081871 0.9528508771929824 0.11915204678362573 0.09429824561403509
0 0.9215095029239766 0.8048245614035088 0.15698099415204678 0.19298245614035087
0 0.7870376461988304 0.7524945175438597 0.07797331871345031 0.1431496710526316
0 0.7861239035087719 0.5765762061403509 0.07980080409356727 0.17325383771929817
0 0.9108790204678362 0.614671052631579 0.17824013157894736 0.1818256578947369
0 0.9041794590643275 0.46088541666666666 0.13803545321637425 0.12827850877192984
0 0.7534722222222222 0.3590268640350877 0.05835709064327484 0.1274095394736842
0 0.8979038742690059 0.3208388157894737 0.07066337719298246 0.14971491228070172
0 0.8529788011695907 0.05592105263157895 0.0626827485380117 0.1118421052631579
0 0.5017361111111112 0.03070175438596491 0.12298976608187134 0.06140350877192982
0 0.512001096491228 0.25047423245614037 0.09198282163742688 0.158843201754386
0 0.35319261695906434 0.23951480263157895 0.07529239766081872 0.13692160087719296
0 0.4643640350877193 0.3924369517543859 0.13072551169590643 0.1686485745614035
0 0.438718932748538 0.6348410087719298 0.1488797514619883 0.16916940789473686
0 0.29416483918128655 0.6304523026315789 0.11440058479532164 0.18963541666666667
0 0.2531670321637427 0.8332785087719299 0.1301169590643275 0.1932401315789475
0 0.1342598684210526 0.6988075657894737 0.13693896198830413 0.187453399122807
0 0.1037408625730994 0.8635197368421053 0.12585343567251459 0.1824479166666666
0 0.04550438596491228 0.5045230263157895 0.09100877192982457 0.13733552631578946
0 0.19688048245614034 0.3966474780701754 0.12085709064327484 0.10031250000000001
0 0.23696454678362575 0.29158168859649125 0.10599415204678363 0.17161458333333335
0 0.07309941520467836 0.3785389254385965 0.14619883040935672 0.111609100877193
0 0.10818713450292397 0.20715734649122808 0.13840095029239766 0.09779605263157895
0 0.049342105263157895 0.2677302631578948 0.06700840643274855 0.0745668859649123
0 0.0909484649122807 0.29578125 0.16605811403508772 0.12221765350877191
