0 0.5934448099415205 0.2236732456140351 0.13669590643274854 0.11437774122807018
0 0.30116959064327486 0.18073464912280704 0.10526315789473684 0.12718475877192983
0 0.2673611111111111 0.29519736842105265 0.12609649122807018 0.1642242324561404
0 0.11756761695906434 0.26386239035087716 0.10112024853801173 0.1655180921052631
0 0.2113176169590643 0.05896107456140351 0.14851425438596494 0.11791940789473684
0 0.7353801169590644 0.35567160087719296 0.10136513157894739 0.18648848684210526
0 0.842593201754386 0.41734649122807016 0.08187134502923976 0.09236842105263159
0 0.9184941520467836 0.3518421052631579 0.16301169590643275 0.10938870614035093
0 0.9150822368421052 0.12062225877192982 0.11233004385964913 0.14219298245614037
0 0.8190186403508772 0.08782620614035087 0.09198282163742688 0.12594572368421053
0 0.8243183479532163 0.19388980263157893 0.0891812865497076 0.12425712719298244
0 0.7192982456140351 0.11140076754385965 0.08382127192982458 0.08902960526315788
0 0.7335526315789473 0.20037554824561404 0.07090643274853801 0.11712719298245614
0 0.5490369152046783 0.7581825657894736 0.14656432748538012 0.22944901315789468
0 0.7581633771929824 0.7714418859649123 0.1006341374269006 0.11525219298245604
0 0.1580171783625731 0.7026452850877193 0.1576516812865497 0.17685307017543855
0 0.5972222222222222 0.9359457236842105 0.11257309941520467 0.12810581140350874
0 0.9297331871345029 0.9614857456140351 0.1295687134502924 0.07702850877192982
0 0.34018640350877194 0.023026315789473683 0.11385233918128655 0.046052631578947366
0 0.572063230994152 0.03265625 0.078093932748538 0.06530975877192982
0 0.06524122807017543 0.16707785087719298 0.13048245614035087 0.29577850877192985
0 0.028569078947368428 0.86671875 0.05592105263157895 0.16874451754385963
