0 0.6080500730994152 0.07593749999999999 0.11960891812865497 0.10226151315789472
0 0.7354258040935673 0.05504111842105263 0.06368786549707603 0.11007949561403509
0 0.8321454678362573 0.2412691885964912 0.06980994152046784 0.08067434210526314
0 0.8243786549707602 0.0561376096491228 0.07072368421052631 0.10788651315789473
0 0.9004477339181286 0.18309758771929827 0.1991045321637427 0.10824287280701753
0 0.09950657894736842 0.07887883771929824 0.13230994152046785 0.15775767543859648
0 0.1834795321637427 0.09073464912280702 0.08278508771929824 0.13733552631578946
0 0.2515533625730994 0.09169956140350877 0.056286549707602336 0.08717927631578946
0 0.3193987573099415 0.12766447368421052 0.11430921052631579 0.14129111842105258
0 0.3475420321637427 0.04653234649122807 0.09749634502923976 0.09306195175438597
0 0.5706779970760234 0.49025219298245615 0.12344663742690058 0.17704769736842102
0 0.7513249269005848 0.5134868421052632 0.08086622807017543 0.09879385964912284
0 0.5986842105263158 0.674501096491228 0.12372076023391813 0.20975054824561407
0 0.9072551169590644 0.7320833333333333 0.13230994152046785 0.22622807017543853
0 0.8891173245614035 0.8699506578947368 0.08963815789473684 0.09078125000000002
0 0.594343932748538 0.8852110745614035 0.14336622807017543 0.22957785087719298
0 0.10590277777777778 0.7613075657894737 0.17434210526315788 0.15035910087719304
0 0.044179459064327485 0.8631990131578947 0.06825657894736842 0.07590734649122803
0 0.07131761695906433 0.5812143640350877 0.14263523391812866 0.19587171052631577
0 0.23181652046783627 0.4409923245614035 0.12646198830409358 0.14294956140350878
0 0.9033260233918129 0.019325657894736843 0.09173976608187134 0.038651315789473686
0 0.07990679824561403 0.9746436403508771 0.15981359649122806 0.05071271929824561
0 0.7355025584795322 0.1874753289473684 0.08717105263157894 0.16086074561403507
0 0.612390350877193 0.1876343201754386 0.09052083333333331 0.103703399122807
