0 0.237573 0.021382 0.038012 0.023026
0 0.309211 0.022478 0.036550 0.023026
0 0.345029 0.017544 0.014620 0.035088
0 0.461623 0.045504 0.031433 0.029605
0 0.563596 0.053728 0.039474 0.032895
0 0.668129 0.070175 0.021930 0.050439
0 0.824196 0.083333 0.040205 0.026316
0 0.911915 0.059759 0.022661 0.040570
0 0.950292 0.065241 0.021930 0.036184
0 0.073099 0.141996 0.023392 0.042763
0 0.217471 0.076206 0.040205 0.031798
0 0.277047 0.074013 0.017544 0.038377
0 0.318713 0.092105 0.040936 0.026316
0 0.414474 0.182566 0.032164 0.033991
0 0.412281 0.217105 0.032164 0.030702
0 0.556287 0.361842 0.090643 0.030702
0 0.490863 0.356908 0.021199 0.027412
0 0.329313 0.605263 0.029971 0.070175
0 0.394371 0.623355 0.032895 0.044956
0 0.413743 0.640351 0.032164 0.052632
0 0.452851 0.642544 0.028509 0.059211
0 0.476243 0.649123 0.027047 0.050439
0 0.361477 0.760417 0.022661 0.049342
0 0.355629 0.891447 0.031433 0.072368
0 0.442617 0.902412 0.024123 0.081140
0 0.669956 0.373355 0.021199 0.060307
0 0.676170 0.591557 0.020468 0.066886
0 0.732822 0.778509 0.021199 0.061404
0 0.676535 0.875548 0.024123 0.071272
0 0.944810 0.200110 0.047515 0.038377
0 0.902047 0.302632 0.057018 0.057018
0 0.945541 0.296601 0.048977 0.055921
0 0.923977 0.423794 0.045322 0.055921
0 0.884503 0.501645 0.043860 0.027412
0 0.816155 0.638706 0.024123 0.064693
0 0.883406 0.650768 0.027047 0.058114
