0 0.700658 0.044408 0.019737 0.053728
0 0.420322 0.151864 0.024854 0.033991
0 0.465643 0.170504 0.033626 0.029605
0 0.719298 0.179276 0.032164 0.044956
0 0.269006 0.239583 0.024854 0.047149
0 0.298977 0.296601 0.023392 0.047149
0 0.160088 0.334430 0.036550 0.024123
0 0.235380 0.337719 0.040936 0.035088
0 0.410453 0.356908 0.035819 0.031798
0 0.540936 0.364583 0.038012 0.033991
0 0.878289 0.402412 0.041667 0.028509
0 0.971491 0.386513 0.024854 0.040570
0 0.099050 0.435855 0.053363 0.038377
0 0.184576 0.438048 0.046053 0.033991
0 0.240863 0.445724 0.041667 0.031798
0 0.460161 0.468750 0.037281 0.036184
0 0.864401 0.524123 0.040205 0.032895
0 0.351243 0.567982 0.035819 0.037281
0 0.348684 0.601974 0.033626 0.028509
0 0.347953 0.632675 0.035088 0.028509
0 0.450292 0.873355 0.021930 0.053728
0 0.537646 0.896382 0.105994 0.042763
0 0.936404 0.745614 0.033626 0.054825
0 0.968567 0.884320 0.062865 0.047149
0 0.956506 0.945175 0.035819 0.059211
