0 0.052266 0.145285 0.024123 0.042763
0 0.380848 0.066338 0.035088 0.038377
0 0.434576 0.155702 0.024123 0.052632
0 0.494152 0.157346 0.020468 0.053728
0 0.368787 0.137061 0.022661 0.032895
0 0.442251 0.259868 0.035088 0.041667
0 0.642909 0.075658 0.019737 0.054825
0 0.693713 0.115132 0.021930 0.046053
0 0.695175 0.212171 0.021930 0.055921
0 0.660819 0.264803 0.021930 0.049342
0 0.849050 0.107456 0.041667 0.028509
0 0.744518 0.023026 0.024123 0.043860
0 0.785819 0.025219 0.024854 0.046053
0 0.830044 0.025768 0.021199 0.040570
0 0.860015 0.023026 0.019737 0.039474
0 0.794956 0.376096 0.047515 0.035088
0 0.872442 0.377741 0.048977 0.033991
0 0.551170 0.433114 0.033626 0.028509
0 0.603436 0.444079 0.034357 0.032895
0 0.558845 0.501645 0.037281 0.029605
0 0.707968 0.648575 0.025585 0.062500
0 0.465278 0.745066 0.034357 0.031798
0 0.038377 0.705044 0.046053 0.039474
0 0.268275 0.845395 0.036550 0.065789
0 0.339912 0.860197 0.032164 0.064693
0 0.377558 0.858553 0.029971 0.083333
0 0.403874 0.865680 0.031433 0.066886
0 0.470760 0.860197 0.030702 0.077851
0 0.505117 0.861842 0.030702 0.076754
0 0.542763 0.863487 0.034357 0.073465
0 0.591009 0.869518 0.038743 0.098684
0 0.714912 0.893092 0.033626 0.062500
