0 0.057383 0.094846 0.024123 0.040570
0 0.387427 0.063048 0.023392 0.033991
0 0.375000 0.208333 0.023392 0.037281
0 0.428363 0.231908 0.042398 0.027412
0 0.456506 0.231908 0.032895 0.029605
0 0.487208 0.233553 0.028509 0.030702
0 0.518640 0.239035 0.025585 0.028509
0 0.407895 0.291118 0.033626 0.033991
0 0.406067 0.379934 0.032895 0.058114
0 0.474050 0.384320 0.022661 0.060307
0 0.650950 0.325110 0.018275 0.060307
0 0.699196 0.329496 0.018275 0.055921
0 0.656067 0.458333 0.022661 0.065789
0 0.702120 0.455592 0.019737 0.064693
0 0.658991 0.554276 0.021199 0.051535
0 0.760965 0.227522 0.021930 0.038377
0 0.819444 0.236842 0.020468 0.039474
0 0.869883 0.234649 0.024854 0.035088
0 0.904605 0.239035 0.024123 0.039474
0 0.908260 0.327851 0.040205 0.032895
0 0.839181 0.064145 0.030702 0.040570
0 0.865863 0.100329 0.044591 0.038377
0 0.798246 0.694627 0.049708 0.036184
0 0.872807 0.696272 0.049708 0.035088
0 0.512061 0.754934 0.038743 0.033991
0 0.580409 0.759868 0.054094 0.037281
0 0.517178 0.844298 0.038743 0.032895
