0 0.9802028508771929 0.15673519736842104 0.026924342105263146 0.055430372807017556
0 0.9548008040935673 0.044553179824561404 0.021198830409356724 0.04305372807017544
0 0.4559576023391813 0.12 0.01644736842105263 0.04789747807017544
0 0.4411184210526316 0.20370339912280702 0.03209064327485387 0.023412828947368444
0 0.44396929824561404 0.23675438596491227 0.033406432748538044 0.024824561403508756
0 0.5675073099415204 0.2157044956140351 0.043640350877193014 0.030973135964912284
0 0.18421052631578946 0.11556469298245614 0.033625730994152045 0.022574013157894743
0 0.3049707602339181 0.2129358552631579 0.032456140350877176 0.024333881578947364
0 0.45964912280701753 0.4388952850877193 0.040643274853801106 0.031080043859649152
0 0.2671783625730994 0.503061951754386 0.04312865497076023 0.038799342105263146
0 0.19678362573099414 0.47039473684210525 0.032456140350877176 0.030479714912280718
0 0.17967836257309944 0.6717790570175439 0.04502923976608189 0.03303453947368427
0 0.18187134502923977 0.888859649122807 0.02309941520467838 0.06368146929824572
0 0.7355263157894737 0.8863651315789474 0.025146198830409423 0.09049342105263154
0 0.7894005847953217 0.747749451754386 0.04956140350877206 0.03804276315789467
