0 0.033625730994152045 0.4551589912280702 0.028265716374268997 0.05651589912280704
0 0.29850146198830413 0.5835142543859648 0.06118421052631582 0.03808662280701743
0 0.5925438596491228 0.6417763157894736 0.03157894736842109 0.07500274122807009
0 0.4 0.6749917763157894 0.02660818713450299 0.08222313596491224
0 0.40796783625731 0.749046052631579 0.03230994152046787 0.07791392543859663
0 0.3339181286549708 0.9127521929824561 0.026023391812865514 0.08295778508771932
0 0.5307383040935673 0.39089912280701755 0.03589181286549701 0.02938596491228065
0 0.27631578947368424 0.32638157894736847 0.021929824561403508 0.05057291666666673
0 0.298062865497076 0.35170778508771927 0.01644736842105263 0.03324013157894743
0 0.2948830409356725 0.31575109649122807 0.018128654970760202 0.035888157894736865
0 0.1324561403508772 0.22890624999999998 0.028362573099415214 0.02447642543859648
0 0.6694444444444444 0.010496162280701753 0.018713450292397595 0.020992324561403507
0 0.7197368421052631 0.1340953947368421 0.02865497076023395 0.046480263157894754
0 0.6487573099415205 0.09205592105263158 0.02266081871345029 0.04025219298245615
0 0.6464912280701754 0.14133223684210527 0.03128654970760231 0.02586896929824563
0 0.651827485380117 0.1853481359649123 0.031725146198830476 0.027275219298245616
0 0.6154970760233918 0.005619517543859649 0.011695906432748537 0.011239035087719298
0 0.9577850877192983 0.028643092105263154 0.020833333333333332 0.03294407894736842
0 0.9804459064327485 0.7942269736842106 0.039108187134502925 0.07179002192982466
0 0.9171052631578946 0.4793256578947368 0.03377192982456127 0.05602247807017541
0 0.9395833333333332 0.4740652412280702 0.032675438596491094 0.0586540570175438
0 0.9616228070175439 0.46913103070175444 0.033625730994152045 0.055367324561403516
0 0.9914108187134503 0.4567434210526316 0.017178362573099414 0.045945723684210564
