0 0.32730263157894735 0.18927905701754386 0.03935124269005846 0.04010690789473683
0 0.18762244152046784 0.2907730263157895 0.038985745614035075 0.0402467105263158
0 0.28740314327485383 0.32256304824561405 0.05092653508771931 0.05265625000000004
0 0.20492141812865497 0.40423519736842106 0.039473684210526314 0.04421874999999999
0 0.052388523391812866 0.38723958333333336 0.07553545321637428 0.08697916666666672
0 0.07766812865497076 0.2736814692982456 0.06396198830409357 0.11388706140350875
0 0.08905884502923975 0.12085526315789473 0.03435672514619882 0.03666666666666667
0 0.04203216374269006 0.57328125 0.028020833333333342 0.057012061403508715
0 0.19334795321637427 0.5450630482456141 0.06262244152046785 0.1266776315789474
0 0.6871345029239766 0.4357922149122807 0.038985745614035075 0.061639254385964945
0 0.7819206871345029 0.573390899122807 0.043371710526315777 0.06271655701754385
0 0.8128654970760234 0.6277467105263158 0.04190972222222221 0.07091557017543855
0 0.8688468567251462 0.7085882675438596 0.07711988304093567 0.12843201754385952
0 0.7905701754385965 0.44257127192982454 0.03386878654970759 0.04961896929824568
0 0.8230994152046783 0.4083141447368421 0.038011695906432746 0.05237390350877191
0 0.9576023391812866 0.3406222587719298 0.029239766081871343 0.04308388157894739
0 0.9630847953216374 0.3823711622807018 0.03289473684210526 0.037036732456140385
0 0.7263651315789473 0.8023437499999999 0.04434758771929826 0.06375274122807009
