0 0.2416666666666667 0.02165844298245614 0.03742690058479536 0.02445449561403509
0 0.3105263157894737 0.025712719298245614 0.03771929824561405 0.030372807017543853
0 0.34265350877192985 0.01409265350877193 0.01206140350877193 0.02818530701754386
0 0.3591739766081872 0.017820723684210525 0.018786549707602372 0.035638706140350876
0 0.44868421052631574 0.04149945175438596 0.027485380116959 0.026858552631578953
0 0.5615497076023392 0.05350328947368421 0.03684210526315796 0.030032894736842106
0 0.6621345029239766 0.07087719298245614 0.018713450292397595 0.03737116228070177
0 0.8296783625730995 0.08019736842105263 0.03508771929824561 0.023114035087719306
0 0.9012426900584796 0.0646299342105263 0.01885964912280715 0.03583881578947368
0 0.8181286549707603 0.15671600877192984 0.035380116959064394 0.0270285087719298
0 0.41290204678362574 0.1758580043859649 0.031213450292397693 0.024742324561403507
0 0.4099415204678362 0.19778234649122806 0.028947368421052565 0.020348135964912285
0 0.40774853801169586 0.2176809210526316 0.033333333333333263 0.021762609649122834
0 0.4911915204678363 0.35410087719298244 0.019663742690058546 0.03583059210526317
0 0.670906432748538 0.3750356359649123 0.018713450292397595 0.05358278508771924
0 0.674780701754386 0.5878645833333334 0.025000000000000033 0.06476699561403515
0 0.8097222222222222 0.6272779605263158 0.022953216374269073 0.056965460526315896
0 0.8835526315789474 0.650079495614035 0.027339181286549774 0.05870888157894739
0 0.8823099415204678 0.49786732456140353 0.04678362573099415 0.027313596491228036
0 0.8777777777777778 0.39618969298245615 0.020175438596491162 0.024616228070175487
0 0.8822368421052632 0.3657675438596491 0.03640350877192996 0.028467653508771906
0 0.6808479532163743 0.8707456140350878 0.026900584795321605 0.0822779605263157
0 0.7383771929824562 0.7764144736842106 0.023538011695906465 0.06576754385964914
0 0.7494152046783626 0.9803179824561403 0.029532163742690125 0.0393640350877194
0 0.6817616959064328 0.9803179824561403 0.02799707602339178 0.0393640350877194
0 0.4378654970760234 0.9175219298245614 0.02631578947368421 0.10456140350877181
0 0.3499269005847953 0.8923081140350877 0.030263157894736825 0.0979934210526317
0 0.3305190058479532 0.6126069078947368 0.031652046783625695 0.08464638157894736
0 0.37821637426900584 0.6299314692982455 0.04444444444444441 0.06227521929824569
0 0.4054093567251462 0.636233552631579 0.043274853801169626 0.05843475877192984
0 0.4425438596491228 0.6439638157894736 0.032748538011695874 0.050866228070175545
0 0.4696271929824562 0.6510361842105263 0.0306286549707603 0.04637061403508768
0 0.07094298245614035 0.13648026315789474 0.022733918128654967 0.0369983552631579
0 0.21308479532163743 0.08715186403508772 0.046052631578947366 0.030441337719298234
0 0.2652046783625731 0.0875328947368421 0.04649122807017546 0.04107456140350878
0 0.31608187134502924 0.09937499999999999 0.03128654970760231 0.025285087719298247
0 0.937171052631579 0.06937774122807017 0.020540935672514554 0.03985471491228069
0 0.9024122807017544 0.27795230263157894 0.017543859649122806 0.05677905701754389
0 0.9255116959064327 0.2825 0.03157894736842092 0.05820175438596493
0 0.9551169590643274 0.2868859649122807 0.030847953216374135 0.05381578947368423
0 0.9306652046783627 0.2011047149122807 0.032383040935672645 0.05001644736842106
0 0.9539108187134503 0.20094024122807017 0.023318713450292464 0.048591008771929824
0 0.9730628654970761 0.20263980263157896 0.020687134502924108 0.04870065789473686
0 0.9279970760233918 0.4288843201754386 0.04824561403508772 0.0636924342105263
0 0.949890350877193 0.6608470394736842 0.02843567251461995 0.05941063596491216
0 0.9868421052631579 0.6661622807017543 0.02631578947368421 0.06017543859649135
0 0.9788011695906432 0.7864775219298246 0.04239766081871345 0.03874725877192992
