0 0.6792763157894737 0.08509594298245614 0.01961440058479531 0.04372807017543859
0 0.6192123538011696 0.0975219298245614 0.02863121345029241 0.03202850877192984
0 0.2720522660818714 0.08984649122807017 0.034844663742690074 0.04591831140350877
0 0.3022057748538012 0.10208607456140352 0.028143274853801168 0.04481633771929825
0 0.3153015350877193 0.12026589912280702 0.02631578947368421 0.03914473684210525
0 0.33168859649122806 0.12739309210526317 0.023757309941520467 0.0424314692982456
0 0.3730500730994152 0.15516447368421052 0.029727704678362585 0.04680372807017544
0 0.40064510233918127 0.17590186403508773 0.025219298245614034 0.04624725877192983
0 0.4329915935672515 0.19755208333333332 0.027777777777777776 0.04386239035087719
0 0.48251644736842103 0.22596491228070176 0.023269371345029228 0.04403234649122804
0 0.265593932748538 0.18595120614035088 0.019493786549707615 0.03345394736842104
0 0.2780829678362573 0.1951781798245614 0.018883406432748526 0.028149671052631595
0 0.2939199561403509 0.20769462719298246 0.026193347953216362 0.029424342105263134
0 0.5329550438596491 0.5921518640350878 0.031555190058479544 0.05272203947368419
0 0.4482218567251462 0.5798163377192983 0.046052631578947366 0.07008497807017545
0 0.47776498538011697 0.5183360745614035 0.03082419590643276 0.05860197368421058
0 0.25828399122807016 0.9839172149122807 0.029239766081871343 0.0321628289473684
0 0.2989766081871345 0.8952905701754386 0.04239766081871345 0.07968749999999995
