0 0.38861476608187134 0.1408497807017544 0.019736842105263157 0.041567982456140365
0 0.44435307017543857 0.15935032894736842 0.01425438596491228 0.03196820175438594
0 0.38390899122807015 0.18387883771929825 0.020376461988304093 0.04538651315789472
0 0.34822733918128657 0.4114610745614035 0.019371345029239765 0.06606907894736841
0 0.33548062865497075 0.49361293859649125 0.02585891812865497 0.06178728070175441
0 0.015990497076023392 0.583826754385965 0.023757309941520467 0.04484375000000004
0 0.006259137426900585 0.7444243421052631 0.01251827485380117 0.06998903508771921
0 0.04061586257309942 0.7638815789473684 0.030062134502923978 0.0760087719298245
0 0.0670687134502924 0.7686101973684211 0.02905701754385965 0.07313048245614027
0 0.11695906432748537 0.7720367324561404 0.033808479532163746 0.07175712719298233
0 0.16584429824561403 0.7822450657894737 0.031067251461988302 0.07983826754385964
0 0.19316520467836257 0.7858059210526316 0.02905701754385965 0.07600054824561403
0 0.22153691520467836 0.7943009868421053 0.033717105263157895 0.08202576754385978
0 0.6431834795321637 0.7772724780701754 0.020833333333333332 0.07674890350877181
0 0.8439784356725146 0.7620614035087719 0.02860014619883041 0.0710005482456141
0 0.8543494152046783 0.8390734649122807 0.031980994152046784 0.08795778508771927
0 0.9100420321637427 0.6479824561403509 0.027320906432748537 0.0689939692982455
0 0.8043676900584795 0.04573739035087719 0.03252923976608187 0.021299342105263155
0 0.9448556286549707 0.4354166666666667 0.04029605263157895 0.023519736842105312
0 0.9241593567251462 0.4659073464912281 0.036366959064327485 0.022820723684210526
