0 0.04946454678362573 0.025989583333333333 0.04044773391812866 0.03333881578947369
0 0.2787518274853801 0.007538377192982456 0.011695906432748537 0.01471217105263158
0 0.24847770467836258 0.006167763157894737 0.017666301169590656 0.011606359649122808
0 0.2928545321637427 0.0069901315789473685 0.014437134502923976 0.013980263157894737
0 0.3258406432748538 0.009364035087719297 0.016935307017543873 0.018363486842105266
0 0.35751644736842103 0.012563048245614035 0.016935307017543873 0.025123355263157895
0 0.37262426900584794 0.014388706140350878 0.017909356725146198 0.028777412280701756
0 0.3933972953216374 0.015849780701754385 0.019248903508771918 0.03169956140350877
0 0.658625730994152 0.1828453947368421 0.03070175438596491 0.023588267543859637
0 0.7840826023391813 0.02098135964912281 0.017543859649122806 0.03346491228070176
0 0.788422880116959 0.052428728070175436 0.019828216374269007 0.04290570175438596
0 0.8557200292397661 0.13081140350877193 0.043859649122807015 0.02971765350877192
0 0.8703855994152047 0.32804276315789477 0.01745248538011696 0.04863212719298242
0 0.8927266081871345 0.32242598684210527 0.024671052631578948 0.051099232456140314
0 0.4847404970760234 0.3064775219298246 0.03654970760233918 0.031540570175438584
0 0.46582602339181284 0.3624561403508772 0.03709795321637427 0.026995614035087726
0 0.4369974415204678 0.42610471491228075 0.02238669590643275 0.054237938596491266
0 0.3838633040935672 0.33381304824561403 0.024853801169590642 0.06016995614035088
0 0.2690972222222222 0.447719298245614 0.0402046783625731 0.027565789473684196
0 0.34589729532163743 0.5563815789473684 0.024762426900584795 0.06122807017543863
0 0.3065606725146199 0.638344298245614 0.04203216374269006 0.03874999999999991
0 0.4049250730994152 0.6911650219298245 0.02585891812865497 0.07997258771929819
0 0.4130573830409357 0.6193612938596491 0.022021198830409358 0.06794682017543857
0 0.28170687134502925 0.9527138157894737 0.03618421052631579 0.09457236842105263
0 0.9854258040935673 0.9721600877192983 0.029148391812865496 0.038889802631578915
0 0.03554459064327485 0.33389528508771926 0.03728070175438596 0.05896655701754389
