0 0.7966008771929824 0.48081140350877194 0.0422752192982456 0.04020285087719294
0 0.8576991959064327 0.48921600877192983 0.04873355263157896 0.03508497807017538
0 0.9541301169590644 0.41467105263157894 0.01864035087719298 0.046809210526315724
0 0.8703709795321638 0.18208333333333335 0.03508771929824561 0.03119791666666665
0 0.8798117690058479 0.11913925438596491 0.021076388888888877 0.0387171052631579
0 0.8498410087719298 0.11758497807017544 0.01961440058479531 0.03743695175438598
0 0.8019005847953217 0.10908991228070175 0.019979897660818702 0.03689418859649124
0 0.7493293128654971 0.10068530701754386 0.020833333333333332 0.034703947368421056
0 0.6976114766081871 0.17833607456140352 0.01608187134502924 0.04015350877192983
0 0.702485380116959 0.2921628289473684 0.020955774853801182 0.05947094298245612
0 0.6613669590643275 0.37666392543859645 0.015473318713450306 0.05851973684210527
0 0.6571034356725146 0.2598218201754386 0.019128289473684223 0.05692708333333332
0 0.5377686403508772 0.5372697368421053 0.03752375730994151 0.03250548245614033
0 0.6003892543859649 0.5422916666666666 0.05068165204678361 0.041458333333333396
0 0.5460526315789473 0.6086156798245614 0.039473684210526314 0.03448464912280707
0 0.7053490497076024 0.762765899122807 0.023026315789473683 0.07414473684210539
0 0.7100383771929825 0.9041831140350878 0.02631578947368421 0.07189144736842111
0 0.4517543859649123 0.8963706140350878 0.05068165204678361 0.037990679824561446
0 0.23812134502923976 0.9806387061403509 0.031555190058479544 0.034745065789473686
0 0.01425438596491228 0.8297724780701755 0.026072733918128647 0.04550986842105275
0 0.4234283625730994 0.23367598684210528 0.01961440058479531 0.052146381578947375
0 0.4895230263157895 0.24308662280701754 0.019005847953216373 0.05086348684210525
0 0.4034484649122807 0.07771655701754386 0.01864035087719298 0.03810581140350877
0 0.44279970760233917 0.09242598684210526 0.016935307017543873 0.021839364035087707
0 0.46351059941520467 0.09498355263157894 0.019371345029239765 0.019646381578947356
0 0.028631213450292396 0.20853618421052633 0.025584795321637425 0.043898026315789436
0 0.056346856725146194 0.17436951754385965 0.033503289473684215 0.03039199561403512
0 0.07809393274853801 0.07744243421052631 0.027046783625730993 0.04304002192982456
0 0.10663377192982457 0.012198464912280702 0.019554093567251463 0.024396929824561403
0 0.6499762426900585 0.07195997807017544 0.015838815789473697 0.0466968201754386
