0 0.45248538011695905 0.07082236842105263 0.017726608187134504 0.04131304824561405
0 0.21747076023391812 0.10494517543859648 0.033808479532163746 0.024580592105263147
0 0.12362938596491228 0.08781524122807018 0.038011695906432746 0.03143914473684212
0 0.1695906432748538 0.04307291666666666 0.018457602339181287 0.031047149122807014
0 0.14642726608187134 0.054788925438596495 0.0245796783625731 0.044882127192982464
0 0.03202668128654971 0.1553015350877193 0.03481359649122807 0.02798519736842103
0 0.07218567251461988 0.15948190789473682 0.0356359649122807 0.029490131578947348
0 0.09461805555555555 0.18832785087719298 0.022934941520467836 0.030984100877192975
0 0.4131944444444444 0.3018558114035088 0.019554093567251463 0.05382127192982457
0 0.594389619883041 0.16140076754385965 0.03289473684210526 0.02236293859649121
0 0.4682474415204678 0.3765131578947368 0.019097222222222224 0.05922149122807017
0 0.4764254385964912 0.3241008771929824 0.014437134502923976 0.04348410087719301
0 0.7483552631578947 0.26538377192982454 0.0356359649122807 0.02610745614035088
0 0.9763340643274854 0.5056688596491228 0.043859649122807015 0.03655427631578945
0 0.766264619883041 0.7525219298245613 0.05317982456140351 0.03958059210526325
0 0.4377284356725146 0.6256962719298246 0.0201937134502924 0.05868421052631577
0 0.7223135964912281 0.5428042763157895 0.0402046783625731 0.031332236842105315
