0 0.8078399122807017 0.07670504385964912 0.021198830409356724 0.04211348684210526
0 0.7449744152046783 0.02874177631578947 0.019736842105263157 0.03939418859649122
0 0.7509594298245614 0.06519188596491228 0.021655701754385966 0.04102247807017543
0 0.8634411549707602 0.31434484649122807 0.02549342105263158 0.04590734649122802
0 0.9618512426900585 0.4984786184210526 0.04504751461988304 0.03177357456140347
0 0.9334795321637427 0.5774753289473684 0.02942251461988304 0.06229714912280708
0 0.6649762426900585 0.6229029605263158 0.05619517543859649 0.039391447368421005
0 0.6125730994152047 0.6175575657894736 0.04550438596491228 0.04240953947368422
0 0.39035087719298245 0.14744243421052633 0.03234649122807018 0.02460252192982456
0 0.5231633771929824 0.1504577850877193 0.032072368421052634 0.025148026315789475
0 0.3840460526315789 0.2584375 0.017909356725146198 0.043739035087719286
