0 0.27698647660818715 0.012563048245614035 0.03862024853801168 0.025123355263157895
0 0.2715040204678363 0.042708333333333334 0.03496527777777776 0.01743695175438597
0 0.26766630116959067 0.06134594298245613 0.030944809941520456 0.018160635964912273
0 0.265593932748538 0.09240679824561404 0.03411366959064329 0.021800986842105255
0 0.2593201754385965 0.1275767543859649 0.03496527777777776 0.024525767543859656
0 0.25566520467836257 0.14703673245614035 0.03740314327485381 0.017757675438596483
0 0.2498172514619883 0.17060581140350878 0.03545321637426901 0.024690241228070158
0 0.6560672514619883 0.2150027412280702 0.04264071637426899 0.029421600877192963
0 0.6976736111111111 0.2114391447368421 0.03447916666666668 0.0277768640350877
0 0.6956012426900585 0.2809621710526316 0.03764619883040936 0.026104714912280707
0 0.8187737573099415 0.014388706140350876 0.028143274853801168 0.022930372807017544
0 0.8297386695906432 0.04846491228070176 0.030579312865497064 0.023462171052631587
0 0.8462481725146199 0.09633497807017544 0.03070175438596491 0.024174890350877175
0 0.45492141812865494 0.7325137061403509 0.05214364035087718 0.03373903508771928
0 0.23129934210526318 0.5625027412280702 0.052023026315789485 0.031803728070175494
0 0.020710891812865496 0.5857044956140351 0.026803728070175437 0.0526233552631579
0 0.17044407894736843 0.853780153508772 0.06067251461988306 0.036872258771929886
0 0.2225877192982456 0.8507648026315789 0.04312865497076023 0.03267269736842094
0 0.30896747076023395 0.9852878289473684 0.057505482456140365 0.029421600877192963
