0 0.4012701023391813 0.12755482456140352 0.033168859649122806 0.028681469298245613
0 0.006624634502923977 0.273218201754386 0.013249269005847953 0.021219846491228062
0 0.24538559941520469 0.3073382675438597 0.046692251461988306 0.0318941885964912
0 0.7266081871345029 0.011200657894736841 0.028691520467836257 0.02239857456140351
0 0.8577302631578947 0.19262883771929826 0.03326023391812866 0.035476973684210544
0 0.8894371345029239 0.198796600877193 0.02905701754385965 0.023141447368421074
0 0.9020924707602339 0.21969298245614036 0.03517909356725146 0.025186403508771958
0 0.7260599415204678 0.3003645833333333 0.01663011695906433 0.0371326754385965
0 0.7567616959064327 0.3562719298245614 0.019554093567251463 0.05574561403508775
0 0.774671052631579 0.35873629385964917 0.01882309941520468 0.060677083333333305
0 0.8931834795321637 0.4071820175438597 0.03837719298245614 0.0328399122807018
0 0.9817708333333334 0.5329769736842105 0.036458333333333336 0.0377165570175439
0 0.6192434210526315 0.4753289473684211 0.0533625730994152 0.040298793859649185
0 0.6877741228070176 0.4828645833333333 0.051535087719298246 0.04714638157894743
0 0.7510508040935673 0.49691337719298245 0.03828581871345029 0.030010964912280707
0 0.4528051900584795 0.5519983552631579 0.019279970760233918 0.057941337719298214
0 0.6479349415204678 0.6439089912280702 0.03764619883040936 0.032061403508771937
0 0.9067068713450293 0.6275027412280703 0.04349415204678363 0.036258223684210646
0 0.9137883771929824 0.6665570175438597 0.04029605263157895 0.034871162280701765
0 0.9187225877192983 0.6973903508771929 0.046509502923976605 0.038969298245613994
0 0.6292489035087719 0.36855263157894735 0.04139254385964912 0.03233552631578948
0 0.7171509502923976 0.3812280701754386 0.04906798245614035 0.034385964912280714
