0 0.7907529239766082 0.04320997807017544 0.036366959064327485 0.028582785087719293
0 0.850328947368421 0.04526589912280701 0.038559941520467836 0.02995065789473684
0 0.716922514619883 0.06116228070175439 0.012975146198830409 0.02336622807017544
0 0.733735380116959 0.06006578947368421 0.013706140350877192 0.026655701754385967
0 0.30934758771929827 0.9701178728070174 0.0649671052631579 0.048514254385964795
0 0.6116136695906432 0.1970422149122807 0.015259502923976608 0.04430372807017541
0 0.24291849415204678 0.4402330043859649 0.021655701754385966 0.057823464912280714
0 0.3463998538011696 0.6095805921052632 0.023026315789473683 0.05797697368421053
0 0.2480811403508772 0.7133799342105263 0.031067251461988302 0.0695778508771929
0 0.23556286549707603 0.7883497807017544 0.03709795321637427 0.08519736842105269
0 0.044316520467836254 0.725109649122807 0.0402046783625731 0.07796326754385961
0 0.03764619883040936 0.13070449561403508 0.02503654970760234 0.03224232456140351
0 0.42443347953216376 0.023601973684210523 0.029239766081871343 0.01951754385964912
0 0.4518914473684211 0.4066639254385965 0.03938230994152047 0.031800986842105326
