0 0.3970029239766082 0.02114857456140351 0.01622807017543863 0.038788377192982455
0 0.3466374269005848 0.0574890350877193 0.028070175438596474 0.02484923245614036
0 0.06596491228070175 0.22417489035087718 0.025058479532163745 0.04395833333333337
0 0.11985380116959064 0.22833881578947368 0.024853801169590642 0.049660087719298265
0 0.15512426900584797 0.23354714912280702 0.021564327485380116 0.0436293859649123
0 0.19412280701754386 0.2365625 0.024269005847953228 0.04198190789473687
0 0.2515423976608187 0.23700109649122808 0.022880116959064296 0.042859100877192954
0 0.4002631578947368 0.5307017543859649 0.01842105263157898 0.054605263157894685
0 0.32869883040935677 0.5001151315789474 0.02295321637426899 0.05702850877192982
0 0.32109649122807016 0.5686842105263158 0.028216374269005865 0.07684210526315788
0 0.010539108187134502 0.3165679824561403 0.019859283625730993 0.040666118421052604
0 0.028265716374269004 0.3189418859649123 0.02241776315789474 0.04906798245614035
0 0.04867141812865497 0.327436951754386 0.0254623538011696 0.05692160087719301
0 0.023757309941520467 0.22210526315789475 0.025584795321637425 0.05276589912280702
0 0.04410270467836258 0.22402412280701756 0.02485380116959065 0.06208333333333334
0 0.25962536549707604 0.9466611842105264 0.03435672514619883 0.10202028508771932
0 0.72234466374269 0.08391447368421052 0.02412280701754386 0.09070997807017546
0 0.7319682017543859 0.167234100877193 0.01656980994152048 0.045361842105263166
0 0.991593567251462 0.05359100877192982 0.016812865497076022 0.044679276315789475
0 0.990374634502924 0.10958881578947367 0.019248903508771918 0.05251096491228069
