0 0.6968804824561403 0.056705043859649126 0.019493786549707615 0.04359649122807017
0 0.42373355263157897 0.14723684210526317 0.033625730994152045 0.029125548245614034
0 0.4574798976608187 0.15107456140350878 0.025584795321637425 0.025833333333333337
0 0.4621710526315789 0.1715378289473684 0.033748172514619895 0.022902960526315776
0 0.5417891081871345 0.3701425438596491 0.04800255847953218 0.03633497807017549
0 0.4038139619883041 0.35452028508771927 0.03642726608187133 0.03250548245614033
0 0.4613176169590643 0.4723684210526316 0.03935124269005846 0.03062774122807018
0 0.23556286549707603 0.4448711622807018 0.03862024853801168 0.028629385964912296
0 0.1711750730994152 0.43198739035087724 0.062134502923976626 0.04854989035087723
0 0.10916118421052633 0.4274205043859649 0.057505482456140365 0.0430729166666667
0 0.3541666666666667 0.565548245614035 0.03825475146198829 0.03424067982456137
0 0.35014619883040937 0.6032785087719299 0.03752375730994151 0.03477247807017554
0 0.3461860380116959 0.6336074561403509 0.04544407894736843 0.036951754385964965
0 0.8725639619883041 0.40659265350877194 0.04434758771929826 0.03796600877192982
0 0.9646692251461988 0.3818338815789474 0.023879751461988317 0.05240953947368423
0 0.8647660818713451 0.5240734649122807 0.04824561403508772 0.035356359649122815
0 0.6861604532163743 0.9715816885964912 0.027289839181286538 0.05683388157894735
0 0.44176352339181285 0.8828453947368421 0.03557565789473686 0.07672971491228066
0 0.14912280701754385 0.324484649122807 0.044833698830409344 0.03274122807017545
0 0.23391812865497075 0.33380208333333333 0.043859649122807015 0.033103070175438655
0 0.2744279970760234 0.3084950657894737 0.026193347953216362 0.05010416666666672
0 0.29434758771929825 0.31096217105263163 0.02826571637426902 0.05686403508771931
0 0.26096491228070173 0.25386787280701756 0.019979897660818702 0.03953125000000001
0 0.9518768274853802 0.9212883771929825 0.034844663742690074 0.034838267543859686
0 0.9593073830409357 0.8711376096491228 0.047271564327485395 0.03869243421052622
