0 0.09600328947368422 0.3393941885964912 0.02631578947368421 0.04976699561403514
0 0.13304093567251463 0.1699314692982456 0.02241776315789475 0.045271381578947396
0 0.016812865497076022 0.12233826754385965 0.033625730994152045 0.025010964912280706
0 0.3369883040935672 0.1219736842105263 0.03557565789473686 0.024281798245614047
0 0.3916904239766082 0.19733826754385964 0.03045869883040937 0.026990131578947377
0 0.2637061403508772 0.2014501096491228 0.043737207602339165 0.033382675438596486
0 0.5205902777777778 0.11749725877192982 0.029970760233918127 0.02446546052631579
0 0.572125365497076 0.10671326754385965 0.042885599415204693 0.04310581140350877
0 0.626827485380117 0.11256304824561403 0.04264071637426899 0.032872807017543845
0 0.9788011695906432 0.19094298245614033 0.04239766081871345 0.03247258771929826
0 0.3423483187134503 0.38242324561403507 0.03654970760233918 0.02800438596491224
0 0.3471619152046784 0.41567708333333336 0.03277229532163741 0.0287225877192983
0 0.38687865497076024 0.41330043859649124 0.04105811403508773 0.034934210526315804
0 0.009259868421052631 0.6376644736842105 0.01851790935672515 0.07430372807017555
0 0.4137426900584795 0.051680372807017545 0.02826571637426902 0.02441611842105263
0 0.4131341374269006 0.034597039473684206 0.0246107456140351 0.024969846491228073
0 0.41398574561403506 0.015962171052631577 0.028751827485380105 0.02424890350877193
0 0.569078947368421 0.009111842105263158 0.0246107456140351 0.01602796052631579
0 0.5938724415204678 0.01815515350877193 0.02180738304093566 0.021324013157894735
0 0.7387298976608186 0.05716008771929825 0.021564327485380116 0.04268366228070175
0 0.7682145467836258 0.07671052631578947 0.017178362573099414 0.04157894736842105
0 0.5419097222222222 0.26307291666666666 0.01656980994152048 0.04149945175438593
0 0.5435544590643274 0.19145285087719296 0.03082419590643276 0.02983552631578945
0 0.49470029239766083 0.20533991228070175 0.013523391812865496 0.028368969298245617
0 0.5116959064327485 0.20789747807017542 0.014619883040935672 0.026175986842105266
0 0.6257309941520468 0.19547423245614037 0.033137792397660806 0.0232565789473684
0 0.8835288742690058 0.7824095394736842 0.03216374269005848 0.07139528508771925
0 0.5389857456140351 0.7135334429824561 0.049707602339181284 0.025016447368421114
0 0.48501461988304095 0.5433360745614035 0.017300804093567265 0.048294956140350835
0 0.5892415935672515 0.9633333333333333 0.0466611842105263 0.031200657894736764
