0 0.45 0.015098684210526315 0.015497076023391846 0.03019736842105263
0 0.5471856725146198 0.0848766447368421 0.03223684210526309 0.02918311403508773
0 0.42755847953216375 0.04979714912280701 0.03640350877192979 0.029196820175438593
0 0.4135599415204678 0.10526589912280701 0.0222953216374269 0.039257127192982466
0 0.3528143274853801 0.13371436403508774 0.025073099415204646 0.022691885964912287
0 0.3231359649122807 0.07144736842105263 0.04173976608187136 0.029736842105263162
0 0.4014985380116959 0.1398656798245614 0.03179824561403509 0.02622258771929825
0 0.38512426900584795 0.20986019736842107 0.013669590643274887 0.037922149122806996
0 0.3972222222222222 0.3380455043859649 0.021052631578947337 0.05087171052631577
0 0.34378654970760236 0.3894627192982456 0.04137426900584797 0.03309210526315784
0 0.35544590643274854 0.6125383771929824 0.02448830409356725 0.0614830043859649
0 0.7041301169590644 0.046252741228070174 0.028143274853801168 0.023209978070175444
0 0.7320540935672515 0.065 0.025511695906432815 0.01464912280701755
0 0.7346125730994152 0.0514610745614035 0.029166666666666733 0.021562500000000005
0 0.6357218567251463 0.3368530701754386 0.04215460526315791 0.035548245614035044
