0 0.1987701023391813 0.926811951754386 0.0625 0.03856359649122815
0 0.09819627192982457 0.7879468201754386 0.035575657894736844 0.08978344298245607
0 0.14644188596491228 0.7964446271929824 0.024853801169590642 0.06840186403508765
0 0.17951937134502924 0.8005537280701754 0.02887426900584793 0.08210526315789486
0 0.21540021929824563 0.7981798245614036 0.031189692982456153 0.08100877192982468
0 0.2771070906432748 0.7978152412280701 0.0266812865497076 0.07296874999999989
0 0.3067744883040936 0.8011019736842105 0.023879751461988317 0.07954495614035095
0 0.33796235380116957 0.7959895833333334 0.022903874269005836 0.06931743421052629
0 0.4071637426900585 0.8022916666666667 0.024853801169590642 0.08009320175438604
0 0.6757437865497076 0.9458141447368421 0.05397112573099414 0.040019188596491166
0 0.7725383771929825 0.729484649122807 0.04654057017543861 0.03864857456140345
0 0.9130116959064327 0.6363020833333334 0.03265168128654972 0.05695997807017543
0 0.9244024122807017 0.7050904605263159 0.027412280701754384 0.06844298245614043
0 0.9460288742690058 0.8128810307017543 0.04264071637426899 0.15244243421052622
0 0.9794097222222222 0.5533141447368422 0.041178728070175426 0.03718475877192985
0 0.8767050438596491 0.46323739035087724 0.02826571637426902 0.06536184210526318
0 0.7847222222222222 0.2826617324561404 0.027046783625730993 0.05509046052631576
0 0.6641684941520468 0.06830592105263159 0.03326023391812866 0.03208059210526315
0 0.5964912280701754 0.12859923245614036 0.038011695906432746 0.03570997807017543
0 0.5146198830409356 0.1313404605263158 0.030213815789473672 0.030227521929824558
0 0.5375237573099415 0.05442160087719299 0.02631578947368421 0.033549890350877194
0 0.4264126461988304 0.049120065789473685 0.05360562865497075 0.048533442982456154
0 0.38042214912280703 0.022406798245614035 0.018883406432748526 0.044810855263157895
0 0.41185489766081873 0.592406798245614 0.03301717836257311 0.04774945175438586
0 0.3953453947368421 0.6323163377192983 0.04751461988304093 0.032543859649122875
0 0.06694627192982455 0.5288103070175438 0.027900219298245606 0.05396655701754383
0 0.46795869883040936 0.17463815789473686 0.022172880116959053 0.09123355263157892
