0 0.3805427631578947 0.22234649122807018 0.021564327485380116 0.05873081140350877
0 0.37366045321637426 0.29177905701754386 0.02363486842105262 0.05139254385964913
0 0.4143823099415205 0.01137609649122807 0.019919590643274854 0.02275219298245614
0 0.640593932748538 0.510641447368421 0.019005847953216373 0.05783442982456141
0 0.8189565058479532 0.5027850877192983 0.024853801169590642 0.06039747807017542
0 0.8255354532163742 0.5621655701754387 0.02826571637426902 0.0731606359649123
0 0.8793859649122807 0.4178262061403509 0.023879751461988317 0.054950657894736854
0 0.9281195175438597 0.7003344298245614 0.06286549707602339 0.049791666666666755
0 0.6521070906432749 0.8241611842105263 0.04568713450292398 0.0361156798245614
0 0.09405519005847952 0.34825657894736844 0.02241776315789474 0.04373355263157894
0 0.0756578947368421 0.4844627192982456 0.03679276315789473 0.06943530701754391
0 0.11732456140350878 0.49030975877192984 0.02266081871345029 0.05920230263157889
0 0.14077668128654972 0.4965213815789474 0.02448830409356725 0.05700657894736843
0 0.1846363304093567 0.499172149122807 0.029362207602339173 0.0604769736842105
0 0.22721673976608187 0.508125 0.023148757309941533 0.060106907894736834
0 0.24798976608187134 0.5104084429824561 0.02448830409356725 0.06284813596491227
0 0.2746107456140351 0.5174424342105264 0.027777777777777776 0.06777686403508772
