0 0.6018366228070176 0.7764665570175439 0.03042763157894737 0.0847313596491229
0 0.5389711257309941 0.5844928728070176 0.04358552631578947 0.026987390350877143
0 0.5321637426900585 0.6113486842105262 0.041849415204678365 0.03136239035087715
0 0.5784904970760234 0.6191611842105262 0.044956140350877194 0.03327576754385974
0 0.7833972953216374 0.5160444078947368 0.044499269005847955 0.03126644736842104
0 0.9545869883040936 0.6506058114035087 0.03326023391812866 0.06464364035087711
0 0.9545413011695907 0.5556441885964912 0.05235745614035088 0.0419380482456141
0 0.9375913742690059 0.4605427631578947 0.024853801169590642 0.060065789473684184
0 0.9306012426900585 0.40340460526315786 0.04468201754385965 0.03076754385964906
0 0.9765168128654971 0.40155427631578944 0.04696637426900585 0.03117872807017538
0 0.847359283625731 0.1989747807017544 0.022569444444444444 0.03720668859649123
0 0.8753198099415205 0.14628837719298246 0.03463084795321637 0.031885964912280684
0 0.8048245614035088 0.026080043859649123 0.01918859649122807 0.04092105263157895
0 0.588952850877193 0.21059484649122806 0.03572733918128655 0.030290570175438597
0 0.6308479532163743 0.21395285087719298 0.04550438596491228 0.03015076754385965
0 0.41895102339181284 0.30613486842105264 0.07309941520467836 0.048670504385964965
0 0.21902412280701755 0.017105263157894738 0.01827485380116959 0.03256578947368421
