0 0.01722404970760234 0.028615679824561403 0.03444809941520468 0.03365679824561404
0 0.06747989766081872 0.008201754385964913 0.021655701754385966 0.01640076754385965
0 0.12244152046783625 0.2699287280701754 0.037463450292397664 0.03108826754385964
0 0.426078216374269 0.2771902412280702 0.017909356725146198 0.05931195175438594
0 0.4927357456140351 0.3885307017543859 0.03517909356725146 0.028432017543859593
0 0.5929276315789473 0.401203399122807 0.051900584795321635 0.04144462719298247
0 0.4121436403508772 0.41710252192982455 0.03481359649122807 0.029377741228070197
0 0.2566703216374269 0.39079221491228067 0.03728070175438596 0.02610197368421047
0 0.6449195906432749 0.030178179824561405 0.01516812865497076 0.03814967105263158
0 0.4279513888888889 0.6806332236842105 0.04632675438596491 0.03423793859649113
0 0.12171052631578948 0.7317763157894737 0.04696637426900585 0.0350986842105263
0 0.21313048245614036 0.7674013157894737 0.049798976608187134 0.05700657894736843
0 0.097359283625731 0.9838952850877193 0.05400219298245614 0.0322094298245614
0 0.975922880116959 0.17347039473684212 0.025676169590643276 0.05198739035087722
0 0.9378198099415205 0.013925438596491228 0.020741959064327485 0.027850877192982456
0 0.975968567251462 0.020570175438596492 0.021198830409356724 0.035383771929824566
0 0.8771472953216374 0.03641173245614036 0.039016812865497075 0.030063048245614038
