0 0.3317799707602339 0.12072094298245614 0.041301169590643276 0.039687499999999994
0 0.3670504385964912 0.09961896929824562 0.031432748538011694 0.0358607456140351
0 0.3848684210526316 0.15696820175438597 0.0360014619883041 0.028571820175438602
0 0.024168494152046784 0.6878974780701754 0.04833698830409357 0.05973410087719294
0 0.2977887426900585 0.6600137061403509 0.04641812865497076 0.05741502192982451
0 0.46934393274853803 0.9189775219298245 0.035910087719298246 0.07233004385964903
0 0.4222404970760234 0.9036979166666667 0.039473684210526314 0.07877741228070179
0 0.05651498538011696 0.9708744517543859 0.06551535087719298 0.05825109649122807
0 0.11060855263157894 0.9339830043859649 0.04577850877192982 0.07081688596491233
0 0.24109100877192982 0.9710827850877194 0.06551535087719298 0.05783442982456129
0 0.7174250730994152 0.8921847587719298 0.04413377192982456 0.09412828947368423
0 0.8121801900584795 0.9463157894736842 0.041758040935672515 0.06258771929824554
0 0.9094480994152047 0.9739583333333334 0.04532163742690058 0.052083333333333336
0 0.9612573099415205 0.6083525219298246 0.04111842105263158 0.06100054824561397
0 0.7550255847953217 0.44508771929824564 0.03983918128654971 0.05519736842105267
0 0.7175621345029239 0.389797149122807 0.03070175438596491 0.0474122807017544
0 0.8044133771929824 0.24829769736842106 0.03536184210526316 0.04538651315789472
0 0.8457145467836257 0.2092434210526316 0.03024488304093567 0.04677357456140348
0 0.9724415204678363 0.08186951754385965 0.024561403508771864 0.03193804824561403
0 0.9921418128654971 0.06811129385964912 0.014985380116959063 0.03402686403508771
