0 0.08735380116959064 0.07391173245614036 0.03307748538011696 0.03241502192982456
0 0.10727339181286549 0.2216282894736842 0.02540204678362573 0.04824561403508772
0 0.04655519005847953 0.29967105263157895 0.029148391812865496 0.030263157894736867
0 0.37056834795321636 0.05568530701754386 0.03024488304093567 0.026118421052631572
0 0.3751827485380117 0.0804906798245614 0.027595029239766082 0.01816063596491228
0 0.4073921783625731 0.0770641447368421 0.03262061403508772 0.025013706140350877
0 0.7961440058479532 0.3148108552631579 0.023391812865497075 0.048207236842105296
0 0.8428362573099415 0.5452713815789474 0.030884502923976608 0.07190241228070181
0 0.8549433479532164 0.6133771929824561 0.02860014619883041 0.062828947368421
0 0.9343475877192983 0.6330400219298246 0.032072368421052634 0.07063048245614031
0 0.5357273391812866 0.7865487938596492 0.047149122807017545 0.0322560307017544
0 0.3415113304093567 0.7912774122807017 0.04523026315789474 0.03485745614035084
