0 0.8659850146198831 0.032952302631578945 0.04093567251461988 0.0326452850877193
0 0.6955409356725146 0.10500822368421052 0.019736842105263157 0.03764528508771931
0 0.5361476608187135 0.2308580043859649 0.03793859649122814 0.030575657894736832
0 0.7451754385964912 0.19298245614035087 0.02982456140350874 0.023903508771929836
0 0.7109283625730994 0.18541940789473682 0.03223684210526309 0.028511513157894734
0 0.7416666666666667 0.20959155701754387 0.03157894736842109 0.018744517543859616
0 0.6399488304093568 0.5488294956140352 0.05255847953216381 0.03494243421052632
0 0.4054459064327485 0.1012390350877193 0.013377192982456107 0.031203399122807028
0 0.4302266081871345 0.1357127192982456 0.01761695906432742 0.04642543859649123
0 0.40113304093567254 0.1875685307017544 0.041301169590643276 0.029523026315789486
0 0.38589181286549706 0.2547669956140351 0.023245614035087687 0.043305921052631584
0 0.2858187134502924 0.2142626096491228 0.04093567251461988 0.031373355263157904
0 0.30105994152046783 0.023325109649122808 0.04144736842105266 0.029983552631578946
0 0.3634502923976608 0.5468777412280702 0.023684210526315773 0.0573547149122807
0 0.2981359649122807 0.6143009868421052 0.04729532163742693 0.03649671052631588
0 0.3085891812865497 0.905202850877193 0.028728070175438564 0.08101973684210537
0 0.06824926900584795 0.008429276315789474 0.01953947368421052 0.016858552631578948
0 0.37582236842105265 0.29538377192982457 0.03070175438596491 0.03676260964912284
