0 0.7183845029239766 0.37754111842105265 0.019554093567251463 0.06264802631578946
0 0.8084338450292398 0.5953563596491228 0.03974780701754386 0.03363760964912282
0 0.7542945906432749 0.2927905701754386 0.028143274853801168 0.026096491228070156
0 0.9503837719298246 0.9427357456140351 0.06140350877192982 0.047203947368421005
0 0.5112847222222222 0.8702467105263157 0.059484649122807015 0.047508223684210635
0 0.3331505847953216 0.8396874999999999 0.04586988304093567 0.0384786184210526
0 0.11494883040935673 0.8002905701754386 0.0626827485380117 0.046030701754385984
0 0.017955043859649123 0.7839857456140351 0.035910087719298246 0.03808936403508767
0 0.10343567251461988 0.9842379385964912 0.054276315789473686 0.031524122807017545
0 0.031615497076023395 0.9736156798245614 0.06048976608187134 0.052768640350877194
0 0.19526681286549707 0.7679468201754386 0.03216374269005848 0.08003015350877188
0 0.1720577485380117 0.7607538377192983 0.03618421052631579 0.07797697368421054
0 0.15666118421052633 0.6796326754385965 0.02823464912280702 0.0637609649122808
0 0.3734923245614035 0.5079577850877193 0.03974780701754386 0.0397642543859649
0 0.29957054093567254 0.365718201754386 0.021655701754385966 0.05681743421052631
0 0.41552448830409355 0.5157017543859649 0.03243786549707602 0.0319517543859649
0 0.4188139619883041 0.5510553728070176 0.039016812865497075 0.03138706140350877
0 0.2868238304093567 0.2426589912280702 0.039108187134502925 0.034114583333333344
0 0.3428362573099415 0.14112116228070173 0.02138157894736842 0.02566063596491227
0 0.12239583333333333 0.024764254385964912 0.02366593567251462 0.03691885964912281
0 0.05820540935672515 0.1757044956140351 0.027777777777777776 0.03863486842105265
0 0.5019645467836257 0.09953124999999999 0.02987938596491228 0.023349780701754374
