0 0.2920687134502924 0.3154550438596491 0.030774853801169608 0.04077850877192976
0 0.31359649122807015 0.3172094298245614 0.02631578947368421 0.03989857456140356
0 0.3429824561403509 0.3175904605263158 0.038304093567251445 0.054917763157894775
0 0.36878654970760233 0.3163843201754386 0.035818713450292396 0.050315241228070226
0 0.4071271929824562 0.32208333333333333 0.029897660818713517 0.06171326754385968
0 0.2618421052631579 0.590811403508772 0.03391812865497074 0.057502741228070295
0 0.37141812865497076 0.8053453947368421 0.04985380116959068 0.029331140350877194
0 0.36849415204678365 0.8428371710526316 0.04400584795321641 0.03413651315789467
0 0.37046783625730995 0.8931222587719299 0.04941520467836259 0.03712445175438604
0 0.8937134502923976 0.8854440789473684 0.034502923976608056 0.07439967105263154
0 0.8067982456140351 0.42264802631578946 0.022953216374269073 0.05450657894736846
0 0.7862573099415204 0.3114857456140351 0.027192982456140217 0.0602549342105263
0 0.7491959064327486 0.19700383771929825 0.027631578947368472 0.0330455043859649
0 0.758187134502924 0.16575932017543862 0.023684210526315856 0.04731085526315787
0 0.3732456140350877 0.15498355263157895 0.019883040935672548 0.025756578947368432
0 0.37163742690058477 0.10784539473684211 0.01959064327485377 0.027968749999999994
0 0.3089912280701754 0.15914747807017546 0.021491228070175422 0.0384703947368421
0 0.08201754385964913 0.029024122807017542 0.033918128654970764 0.02603070175438596
0 0.09316520467836258 0.008963815789473684 0.04086257309941521 0.01792763157894737
0 0.108296783625731 0.24818530701754385 0.02580409356725147 0.054265350877192996
0 0.08432017543859649 0.27022203947368423 0.0246345029239766 0.04789747807017544
0 0.08260233918128655 0.503999451754386 0.03216374269005848 0.05931743421052628
