0 0.40981359649122806 0.03492050438596491 0.01827485380116959 0.035298793859649125
0 0.42635233918128657 0.23888980263157897 0.01663011695906433 0.052615131578947386
0 0.433296783625731 0.19319353070175438 0.03782894736842105 0.02563870614035087
0 0.4769736842105263 0.1896984649122807 0.04111842105263158 0.028242872807017535
0 0.16639254385964913 0.05026864035087719 0.035818713450292396 0.02213815789473684
0 0.20458698830409358 0.05033717105263158 0.039108187134502925 0.02090460526315789
0 0.2728125 0.2841776315789474 0.0400219298245614 0.02723684210526316
0 0.41812865497076024 0.31176809210526313 0.041301169590643276 0.027590460526315815
0 0.39610745614035087 0.38398026315789474 0.018580043859649138 0.050490679824561416
0 0.5068841374269006 0.5333771929824561 0.04215460526315791 0.03312774122807015
0 0.5902467105263157 0.5255208333333333 0.05720029239766082 0.03203399122807021
0 0.734343932748538 0.556359649122807 0.0804093567251462 0.05076754385964907
0 0.5325292397660819 0.25681743421052633 0.045930190058479516 0.0337362938596491
0 0.29334247076023395 0.7930811403508772 0.023817616959064314 0.06277138157894731
0 0.37493969298245616 0.8941145833333334 0.024365862573099403 0.1003673245614036
0 0.053636695906432746 0.48587719298245613 0.03508771929824561 0.06413377192982457
0 0.04226059941520468 0.3437116228070175 0.03517909356725146 0.01966008771929819
0 0.03211805555555555 0.3650191885964912 0.03499634502923977 0.02526864035087715
0 0.06583516081871345 0.36371710526315787 0.038468567251461985 0.026776315789473638
