0 0.45614035087719296 0.8651864035087719 0.028691520467836257 0.08947094298245623
0 0.48670504385964913 0.8677905701754386 0.023117690058479533 0.08097587719298235
0 0.5152595029239766 0.8655975877192982 0.02448830409356725 0.07658991228070165
0 0.5688505116959064 0.8622395833333333 0.024762426900584795 0.07672971491228066
0 0.6187408625730995 0.8490871710526315 0.02585891812865497 0.07234923245614043
0 0.6439601608187134 0.8502494517543859 0.03243786549707602 0.08427083333333335
0 0.6990131578947368 0.8451096491228071 0.0356359649122807 0.09455043859649125
0 0.8242872807017544 0.8371628289473684 0.039473684210526314 0.0841392543859648
0 0.9211440058479532 0.8159237938596491 0.039473684210526314 0.0772971491228069
0 0.9438048245614035 0.6726617324561404 0.05555555555555555 0.04159265350877181
0 0.977796052631579 0.5356167763157895 0.044407894736842105 0.030660635964912256
0 0.05637792397660819 0.6421737938596491 0.046052631578947366 0.03132949561403508
0 0.28115862573099415 0.4026343201754386 0.04239766081871345 0.03334155701754389
0 0.29733187134502925 0.3438486842105263 0.036366959064327485 0.028157894736842052
0 0.38199013157894735 0.34960252192982455 0.01836622807017544 0.056110197368421065
0 0.3215460526315789 0.28444353070175443 0.020833333333333332 0.050520833333333355
0 0.2974232456140351 0.16759594298245614 0.031067251461988302 0.02653234649122806
0 0.38390899122807015 0.17643366228070176 0.016721491228070175 0.0428344298245614
0 0.40232090643274854 0.1262828947368421 0.03252923976608187 0.024766995614035094
0 0.3276224415204678 0.10956140350877193 0.01745248538011696 0.046151315789473686
0 0.32611476608187134 0.15217927631578948 0.019005847953216373 0.04092653508771928
