0 0.36138523391812866 0.5223026315789473 0.04203216374269006 0.03282072368421053
0 0.530016447368421 0.5192214912280702 0.04029605263157895 0.028026315789473625
0 0.35233918128654973 0.7089555921052632 0.022112573099415205 0.07277686403508767
0 0.971765350877193 0.78125 0.034722222222222224 0.07510964912280702
0 0.8806652046783626 0.40439418859649123 0.026133040935672515 0.06015899122807018
0 0.8127741228070176 0.38952850877192985 0.02010233918128655 0.04824287280701749
0 0.8022660818713451 0.330671600877193 0.026498538011695907 0.06073739035087724
0 0.7635233918128655 0.15174890350877193 0.022112573099415205 0.04143640350877194
0 0.14491959064327486 0.07396655701754386 0.020285087719298246 0.04349506578947367
0 0.09557748538011696 0.13604440789473685 0.023940058479532164 0.027845394736842118
0 0.3385416666666667 0.2933717105263158 0.021929824561403508 0.024520285087719248
