0 0.5034722222222222 0.024358552631578947 0.03654970760233918 0.03446271929824561
0 0.5647843567251462 0.02246436403508772 0.039473684210526314 0.02958059210526316
0 0.7174250730994152 0.03493421052631579 0.055098684210526314 0.04081140350877193
0 0.7725694444444444 0.06775493421052631 0.027412280701754384 0.025586622807017536
0 0.8018548976608187 0.012598684210526316 0.019279970760233918 0.02519736842105263
0 0.37911184210526316 0.09783168859649122 0.015350877192982455 0.03776864035087719
0 0.35827850877192985 0.15504111842105264 0.017543859649122806 0.03842927631578949
0 0.41150402046783624 0.19923245614035087 0.020741959064327485 0.05416940789473688
0 0.4087171052631579 0.26274945175438597 0.023391812865497075 0.04002741228070175
0 0.42598684210526316 0.46610471491228067 0.04148391812865497 0.030071271929824513
0 0.4006761695906433 0.5449259868421052 0.01827485380116959 0.05887335526315789
0 0.3312317251461988 0.5005263157894737 0.01827485380116959 0.057796052631578984
0 0.3346125730994152 0.43804002192982455 0.019554093567251463 0.06440241228070177
0 0.2936312134502924 0.526702302631579 0.04084429824561404 0.0306524122807018
0 0.3135508040935672 0.7134484649122806 0.02585891812865497 0.07382675438596484
0 0.3875639619883041 0.8323903508771929 0.02403143274853801 0.09241228070175436
0 0.2798793859649123 0.8092379385964912 0.047149122807017545 0.03788377192982451
0 0.25374634502923976 0.9092708333333334 0.05701754385964912 0.04058114035087718
0 0.15323464912280702 0.22302631578947368 0.03508771929824561 0.020888157894736855
0 0.49725877192982454 0.6422642543859649 0.048793859649122806 0.028774671052631647
0 0.8133223684210527 0.7309868421052631 0.035818713450292396 0.08149396929824561
