0 0.3510599415204678 0.2687938596491228 0.048793859649122806 0.0301864035087719
0 0.4637244152046784 0.2707127192982456 0.031067251461988302 0.023061951754385995
0 0.28654970760233917 0.2696847587719298 0.0403874269005848 0.030597587719298217
0 0.21811038011695907 0.27160361842105263 0.04057017543859649 0.028952850877192952
0 0.23885233918128654 0.2200109649122807 0.03271198830409357 0.025822368421052642
0 0.21025219298245615 0.2452247807017544 0.039473684210526314 0.026907894736842127
0 0.0969937865497076 0.30092653508771927 0.02403143274853801 0.04922149122807016
0 0.13043676900584794 0.2797532894736842 0.028782894736842105 0.05210800438596492
0 0.149031432748538 0.08513980263157894 0.019371345029239765 0.0411705043859649
0 0.24465460526315788 0.018887061403508775 0.01964546783625731 0.03777412280701755
0 0.2744426169590643 0.02080592105263158 0.01343201754385965 0.03174342105263158
0 0.29523026315789475 0.018681469298245615 0.01206140350877193 0.03160635964912281
0 0.3180738304093567 0.020257675438596492 0.017543859649122806 0.040512609649122816
0 0.35704495614035087 0.019161184210526316 0.014163011695906433 0.03393640350877193
0 0.3754111842105263 0.020394736842105264 0.01617324561403509 0.03914199561403509
0 0.39592470760233917 0.019846491228070178 0.01608187134502924 0.03804550438596492
0 0.4401041666666667 0.01998355263157895 0.017635233918128657 0.03996436403508773
0 0.7749451754385965 0.0278234649122807 0.02320906432748538 0.0556469298245614
0 0.8295413011695907 0.5501617324561403 0.025310672514619884 0.058382675438596494
0 0.8238304093567251 0.5986732456140351 0.0403874269005848 0.034791666666666686
0 0.873766447368421 0.7852357456140351 0.040661549707602336 0.09130756578947373
0 0.9059301900584795 0.9643640350877193 0.03188961988304093 0.0712719298245614
0 0.384000365497076 0.8090707236842105 0.029696637426900586 0.09100328947368409
0 0.2322733918128655 0.7909155701754387 0.03782894736842105 0.06703124999999993
0 0.2600968567251462 0.7985224780701755 0.0377375730994152 0.06168311403508784
0 0.2999817251461988 0.7968064692982456 0.047149122807017545 0.08155427631578953
0 0.33305921052631576 0.794202302631579 0.04751461988304093 0.08456962719298251
0 0.2644828216374269 0.553530701754386 0.03188961988304093 0.08020010964912286
0 0.34438961988304095 0.5529166666666666 0.02266081871345029 0.05841282894736846
0 0.017772295321637425 0.2577768640350877 0.03554459064327485 0.03145559210526316
0 0.015213815789473685 0.3006003289473684 0.03042763157894737 0.03349232456140346
0 0.5996893274853801 0.06630208333333333 0.021564327485380116 0.02404879385964913
