0 0.8401864035087719 0.0069901315789473685 0.017361111111111112 0.013980263157894737
0 0.8606231725146198 0.008908991228070175 0.02046783625730994 0.017815241228070176
0 0.8826151315789473 0.011282894736842105 0.02424524853801171 0.02037280701754386
0 0.8192013888888889 0.05440241228070176 0.030213815789473672 0.018892543859649127
0 0.8574561403508771 0.09852521929824562 0.033625730994152045 0.04317434210526316
0 0.8120120614035088 0.07413377192982457 0.023148757309941533 0.029117324561403517
0 0.7531067251461988 0.22340734649122806 0.021076388888888877 0.03891721491228071
0 0.811343201754386 0.23674342105263158 0.02059027777777779 0.04731633771929822
0 0.8637920321637427 0.2455126096491228 0.02680372807017545 0.050235745614035085
0 0.8963815789473685 0.25099506578947367 0.024976242690058492 0.046578947368421074
0 0.8849287280701754 0.32106359649122806 0.04105811403508773 0.04234649122807018
0 0.6961494883040935 0.31722587719298245 0.018031798245614048 0.04563870614035094
0 0.6479038742690059 0.31987390350877193 0.023879751461988317 0.06372532894736836
0 0.6488797514619883 0.45398300438596495 0.02582785087719297 0.06878289473684213
0 0.6993183479532163 0.4537993421052632 0.024365862573099403 0.06476425438596498
0 0.6522898391812866 0.5554961622807018 0.022903874269005836 0.06896107456140356
0 0.8013523391812866 0.6870175438596491 0.054216008771929836 0.04143366228070165
0 0.8720760233918129 0.6988020833333334 0.053119517543859664 0.04124451754385966
0 0.9787408625730994 0.6061677631578948 0.019128289473684223 0.056998355263157975
0 0.5090771198830409 0.7480427631578948 0.0422752192982456 0.039213267543859696
0 0.5784594298245614 0.7582730263157894 0.05555555555555555 0.045057565789473654
0 0.5172386695906432 0.8393969298245614 0.04641812865497076 0.03917489035087715
0 0.37609649122807015 0.20012883771929826 0.02363486842105262 0.049015899122807
0 0.4145961257309942 0.2150219298245614 0.027534722222222235 0.029459978070175447
0 0.44024122807017546 0.21931743421052632 0.02400036549707601 0.025254934210526284
0 0.4666794590643275 0.2238843201754386 0.020833333333333332 0.02342653508771931
0 0.4892781432748538 0.22708333333333333 0.018517909356725135 0.01703125000000003
0 0.39546783625730997 0.3779934210526316 0.02582785087719297 0.07031524122807023
0 0.4649122807017544 0.39480537280701755 0.018517909356725135 0.06738486842105268
0 0.3895595760233918 0.5101891447368421 0.015228435672514607 0.029514802631578966
0 0.06451023391812866 0.10478892543859648 0.023026315789473683 0.03194627192982455
0 0.031432748538011694 0.18545230263157894 0.028751827485380126 0.04890350877192985
