0 0.42502741228070173 0.015446820175438598 0.029513888888888888 0.02924890350877193
0 0.4085343567251462 0.06512061403508772 0.015716374269005847 0.03402412280701755
0 0.49840095029239767 0.15891995614035087 0.03554459064327485 0.02836348684210527
0 0.5628198099415205 0.15521929824561403 0.04559576023391813 0.029188596491228076
0 0.6811951754385965 0.17049616228070177 0.06761695906432749 0.04466557017543861
0 0.8119517543859649 0.09245614035087718 0.020285087719298246 0.040726425438596475
0 0.8232364766081871 0.1306907894736842 0.02183845029239766 0.03769462719298245
0 0.9036001461988304 0.20153508771929826 0.033625730994152045 0.028621162280701776
0 0.1404422514619883 0.13425164473684212 0.02412280701754386 0.04481907894736842
0 0.3090277777777778 0.005619517543859649 0.03326023391812866 0.011239035087719298
0 0.14629020467836257 0.049843750000000006 0.02850877192982456 0.018544407894736853
0 0.11874086257309942 0.04908991228070176 0.027320906432748537 0.015668859649122815
0 0.12344663742690058 0.0360718201754386 0.0266812865497076 0.01430372807017544
0 0.105171783625731 0.4123519736842105 0.03764619883040936 0.022617872807017603
0 0.3345668859649123 0.3175219298245614 0.016721491228070175 0.04677631578947365
0 0.35681652046783624 0.39425986842105265 0.01827485380116959 0.04674342105263157
0 0.3984375 0.3759649122807017 0.01836622807017544 0.06360745614035086
0 0.39528508771929827 0.4619517543859649 0.020285087719298246 0.06151315789473687
0 0.4143823099415205 0.7164665570175439 0.04568713450292398 0.03600603070175448
0 0.3090734649122807 0.6830263157894736 0.02238669590643275 0.07877192982456131
0 0.30528143274853803 0.7612719298245614 0.021198830409356724 0.07353344298245613
0 0.3858735380116959 0.821702302631579 0.021564327485380116 0.07652138157894726
0 0.26151315789473684 0.799577850877193 0.04513888888888889 0.03637883771929826
0 0.500639619883041 0.948796600877193 0.05007309941520468 0.03739309210526312
