0 0.6571637426900585 0.9261650219298246 0.055190058479532164 0.037088815789473734
0 0.8520961257309941 0.49222861842105264 0.027777777777777776 0.06121162280701759
0 0.8440551900584795 0.5665953947368422 0.04093567251461988 0.030849780701754377
0 0.8483790204678362 0.6395860745614035 0.04105811403508773 0.032461622807017566
0 0.9450529970760234 0.5858662280701754 0.04069261695906434 0.07121984649122812
0 0.9894608918128655 0.4394298245614035 0.021076388888888877 0.03236567982456145
0 0.8896198830409356 0.3602220394736842 0.029727704678362585 0.04756578947368421
0 0.8910818713450293 0.29627741228070176 0.04239766081871345 0.0293201754385965
0 0.8150584795321637 0.32057565789473685 0.021929824561403508 0.04502467105263158
0 0.7904477339181286 0.34113212719298247 0.031189692982456153 0.025830592105263162
0 0.8196875 0.07369517543859648 0.02144188596491227 0.0446875
0 0.8303490497076024 0.1337143640350877 0.01961440058479531 0.04594024122807019
0 0.5894243421052632 0.09107456140350878 0.028751827485380105 0.017310855263157888
0 0.3881578947368421 0.18124177631578947 0.03070175438596491 0.02403234649122809
0 0.21101425438596494 0.5200219298245614 0.04678362573099415 0.029081688596491267
0 0.09624817251461988 0.45114035087719295 0.02680372807017544 0.048478618421052604
0 0.029239766081871343 0.7368941885964913 0.03411366959064327 0.0717406798245614
0 0.34892726608187136 0.7167050438596491 0.02046783625730994 0.07704769736842097
0 0.37822916666666667 0.6961513157894736 0.019371345029239765 0.05239309210526319
0 0.3725639619883041 0.7677713815789473 0.019005847953216373 0.07136239035087717
0 0.32041849415204676 0.22909265350877195 0.03167580409356724 0.017395833333333343
