0 0.35014619883040937 0.0190515350877193 0.012426900584795321 0.0381030701754386
0 0.18475877192982457 0.684109100877193 0.030519005847953216 0.0699725877192983
0 0.42557565789473684 0.634780701754386 0.04157529239766082 0.037108004385964885
0 0.38861476608187134 0.6690405701754386 0.04532163742690058 0.023388157894736764
0 0.6084155701754386 0.3739254385964912 0.014345760233918129 0.05130482456140347
0 0.5470577485380117 0.4157894736842105 0.04422514619883041 0.03223958333333337
0 0.7260142543859649 0.20533442982456138 0.01745248538011696 0.03210252192982453
0 0.7437865497076024 0.20327850877192982 0.01918859649122807 0.03621436403508775
0 0.8061951754385965 0.1772423245614035 0.03983918128654971 0.03348684210526318
0 0.8728983918128655 0.1843667763157895 0.041666666666666664 0.03129111842105266
0 0.914656432748538 0.11736019736842106 0.0356359649122807 0.026112938596491227
0 0.7948647660818714 0.10112116228070175 0.04641812865497076 0.027900219298245606
0 0.8246984649122807 0.08138706140350876 0.01745248538011696 0.03777686403508771
0 0.6305738304093568 0.05299342105263158 0.017543859649122806 0.03854989035087719
0 0.9826845760233918 0.07343475877192981 0.03463084795321637 0.08217653508771929
