0 0.2833059210526316 0.04006030701754386 0.03664108187134503 0.025019188596491222
0 0.3620248538011696 0.15605263157894736 0.019554093567251463 0.0527878289473684
0 0.415250365497076 0.18996984649122806 0.05930190058479532 0.04523574561403508
0 0.4666483918128655 0.12487390350877194 0.0222953216374269 0.10418859649122808
0 0.5226608187134503 0.02457510964912281 0.026498538011695907 0.024205043859649125
0 0.537828947368421 0.20072916666666665 0.03490497076023392 0.027006578947368416
0 0.6765350877192983 0.20977247807017543 0.03819444444444445 0.028645833333333332
0 0.7912554824561403 0.07020559210526316 0.02366593567251462 0.04145010964912282
0 0.6004660087719298 0.28664747807017543 0.04413377192982456 0.037108004385964885
0 0.5127010233918129 0.29165021929824564 0.03399122807017544 0.02929550438596488
0 0.09292763157894737 0.430734649122807 0.03508771929824561 0.05253015350877196
0 0.3541666666666667 0.3092571271929825 0.022112573099415205 0.04121162280701758
0 0.45824195906432746 0.37024122807017545 0.023757309941520467 0.12206140350877198
0 0.8140533625730995 0.4811513157894737 0.02266081871345029 0.056052631578947375
0 0.9205957602339181 0.7071847587719298 0.034722222222222224 0.0763733552631578
0 0.3927266081871345 0.8794243421052631 0.03709795321637427 0.06312499999999993
0 0.35754751461988304 0.8984758771929824 0.04532163742690058 0.03817708333333345
0 0.36938048245614036 0.9375959429824561 0.05893640350877193 0.0410389254385965
0 0.9671966374269005 0.9332209429824561 0.0402046783625731 0.08711348684210525
