0 0.6497313596491228 0.041724232456140355 0.029970760233918127 0.028256578947368417
0 0.49418859649122804 0.14414473684210527 0.03589181286549701 0.026008771929824544
0 0.4047149122807017 0.16683388157894738 0.020687134502923945 0.051650219298245634
0 0.4798611111111111 0.1905701754385965 0.03355263157894744 0.0234676535087719
0 0.45453216374269 0.23935307017543858 0.02163742690058473 0.04427631578947368
0 0.37697368421052635 0.3435745614035087 0.02295321637426903 0.0498684210526316
0 0.310233918128655 0.2587280701754386 0.025438596491228038 0.024909539473684243
0 0.43585526315789475 0.39346491228070174 0.015716374269005847 0.046581688596491186
0 0.43099415204678365 0.4473464912280702 0.021345029239766115 0.0633305921052632
0 0.34378654970760236 0.40706140350877196 0.04137426900584797 0.03429824561403506
0 0.33055555555555555 0.6470860745614035 0.028070175438596474 0.07794407894736846
0 0.3089912280701754 0.7677933114035087 0.03318713450292396 0.09348135964912292
0 0.3843567251461988 0.8825301535087718 0.02163742690058477 0.06747532894736832
0 0.6633040935672514 0.7738404605263157 0.05029239766081868 0.03759320175438605
0 0.8385233918128654 0.12694627192982458 0.013304093567251329 0.02888980263157896
0 0.8399122807017544 0.15742050438596492 0.014619883040935672 0.03720942982456141
0 0.8584429824561403 0.15347313596491227 0.023172514619882907 0.04247258771929826
0 0.09141081871345029 0.16804002192982456 0.028581871345029236 0.04310032894736843
0 0.9394499269005848 0.6505126096491228 0.036792763157894724 0.03421326754385976
0 0.9897660818713451 0.578889802631579 0.02046783625730994 0.0298574561403509
