0 0.29258040935672514 0.05469572368421052 0.04057017543859649 0.0286156798245614
0 0.40612755847953214 0.05542763157894737 0.033748172514619895 0.022768640350877195
0 0.5440423976608187 0.053963815789473686 0.026924342105263146 0.027154605263157897
0 0.5026187865497076 0.062461622807017544 0.017178362573099414 0.020391995614035083
0 0.5419097222222222 0.10311403508771931 0.01656980994152048 0.034076206140350895
0 0.6220760233918129 0.05615679824561404 0.03557565789473686 0.0242297149122807
0 0.9406067251461988 0.05524396929824561 0.037889254385964896 0.02605811403508772
0 0.8374762426900585 0.5213706140350878 0.027777777777777776 0.05553453947368425
0 0.8960160818713451 0.821343201754386 0.03642726608187133 0.0871326754385964
0 0.9111842105263158 0.9141611842105264 0.031432748538011694 0.08270559210526317
0 0.9918676900584795 0.9290021929824561 0.016264619883040937 0.0762061403508772
0 0.578642178362573 0.648141447368421 0.0425201023391813 0.02581688596491236
0 0.28411366959064327 0.7593201754385965 0.04678362573099415 0.027047697368421074
0 0.04556469298245614 0.219172149122807 0.037523757309941515 0.02862390350877195
0 0.06390168128654972 0.3979495614035088 0.029117324561403517 0.06271381578947374
0 0.3623300438596491 0.2028919956140351 0.03265168128654972 0.02895833333333336
0 0.3684210526315789 0.22966008771929824 0.030213815789473672 0.022184758771929842
0 0.40423976608187134 0.2270093201754386 0.03849963450292399 0.026022478070175457
