0 0.17306286549707603 0.008928179824561403 0.023269371345029228 0.017856359649122806
0 0.13846308479532163 0.06391995614035088 0.0222953216374269 0.045238486842105255
0 0.0554952485380117 0.13956414473684212 0.043982090643274845 0.02839638157894736
0 0.006030701754385965 0.1689967105263158 0.01206140350877193 0.021655701754385966
0 0.04264071637426901 0.16916392543859649 0.04142361111111111 0.029114583333333343
0 0.26364583333333336 0.07424616228070176 0.030213815789473672 0.027510964912280705
0 0.2452485380116959 0.11562774122807018 0.034844663742690074 0.028042763157894723
0 0.3156670321637427 0.09306469298245613 0.03435672514619883 0.024945175438596492
0 0.30701754385964913 0.1134375 0.03411366959064329 0.030964912280701765
0 0.3654970760233918 0.11206688596491228 0.043859649122807015 0.033706140350877205
0 0.5499506578947368 0.11645010964912281 0.03265168128654972 0.027859100877192983
0 0.2913011695906433 0.3338706140350877 0.0246107456140351 0.06065241228070181
0 0.36312134502923976 0.33131578947368423 0.01839729532163744 0.040921052631579004
0 0.36171966374269005 0.26837445175438596 0.019248903508771918 0.02651315789473682
0 0.10916118421052633 0.387406798245614 0.02826571637426902 0.05441611842105257
0 0.03697551169590643 0.4653316885964912 0.02643823099415205 0.05493146929824558
0 0.019979897660818712 0.6198985745614035 0.03508771929824561 0.08629111842105262
0 0.4001589912280702 0.5340268640350877 0.02424524853801171 0.07536458333333335
0 0.2680921052631579 0.5203262061403509 0.03301717836257311 0.05161732456140356
0 0.2909356725146199 0.5265405701754385 0.031189692982456153 0.04942434210526321
0 0.3258406432748538 0.5252576754385965 0.041301169590643276 0.06513706140350874
0 0.35544590643274854 0.5236129385964913 0.04057017543859649 0.06550438596491229
0 0.7923373538011697 0.33365679824561406 0.021564327485380116 0.05108826754385962
0 0.7847222222222222 0.37467653508771925 0.036792763157894724 0.03626918859649121
0 0.8259009502923976 0.5161814692982456 0.031432748538011694 0.07622258771929823
0 0.8518512426900585 0.6602467105263158 0.027289839181286538 0.07013157894736846
0 0.2297752192982456 0.882297149122807 0.04044773391812864 0.07197916666666665
