0 0.40926535087719296 0.01457236842105263 0.028143274853801168 0.02338541666666667
0 0.531843932748538 0.0177905701754386 0.029331140350877194 0.02571546052631579
0 0.676078216374269 0.08850054824561404 0.028143274853801168 0.024588815789473698
0 0.838952850877193 0.16119243421052631 0.020376461988304093 0.042508223684210505
0 0.9785727339181286 0.024095394736842107 0.036458333333333336 0.021875000000000002
0 0.8903508771929824 0.3739089912280702 0.02722953216374269 0.05127467105263163
0 0.921235380116959 0.31026041666666665 0.03782894736842105 0.029514802631578966
0 0.9829130116959064 0.6376754385964911 0.034173976608187134 0.034668311403508845
0 0.9927357456140351 0.7070065789473684 0.014528508771929825 0.0746518640350877
0 0.8248355263157895 0.7834375 0.055190058479532164 0.03699561403508773
0 0.5469206871345029 0.8774698464912282 0.04303728070175439 0.03317708333333327
0 0.5397478070175439 0.913577302631579 0.04788011695906433 0.03549067982456147
0 0.5932931286549707 0.9198821271929825 0.05263157894736842 0.04261239035087714
0 0.40515350877192985 0.10290296052631578 0.018092105263157895 0.03968475877192982
