0 0.36641081871345027 0.4549561403508772 0.017666301169590656 0.05976425438596491
0 0.6854294590643275 0.9270833333333334 0.06091557017543858 0.048248355263157953
0 0.9077722953216374 0.5169544956140351 0.02948282163742689 0.05583881578947363
0 0.9876334064327486 0.8580701754385964 0.024731359649122795 0.07651864035087728
0 0.5210763888888889 0.31101699561403506 0.035818713450292396 0.03321546052631581
0 0.37353801169590645 0.31604166666666667 0.03557565789473686 0.030474232456140372
0 0.8349780701754386 0.22094024122807018 0.02400036549707601 0.04677631578947365
0 0.7732090643274854 0.20933662280701754 0.019859283625731007 0.04367324561403507
0 0.7648026315789473 0.16119243421052631 0.024976242690058492 0.04789747807017544
0 0.7353198099415205 0.018042763157894735 0.01961440058479531 0.036082785087719296
0 0.13151864035087718 0.008157894736842105 0.015716374269005847 0.01631578947368421
