0 0.67671783625731 0.033681469298245614 0.016935307017543873 0.041414473684210536
0 0.44633223684210527 0.03167489035087719 0.031310307017543844 0.01912554824561404
0 0.44651498538011697 0.048851425438596496 0.02802083333333332 0.01692434210526316
0 0.44541849415204676 0.06547697368421053 0.033137792397660806 0.024591557017543862
0 0.6782401315789474 0.20981359649122808 0.017786915204678348 0.05010964912280701
0 0.8181048976608187 0.028385416666666666 0.03045869883040937 0.027165570175438594
0 0.9210526315789473 0.06657072368421052 0.019493786549707615 0.04140076754385966
0 0.9407894736842105 0.06757401315789474 0.019979897660818702 0.04523574561403508
0 0.957359283625731 0.06903782894736842 0.019005847953216373 0.04085252192982457
0 0.9110617690058479 0.1322532894736842 0.023879751461988317 0.04301535087719297
0 0.9366465643274854 0.1377357456140351 0.02631578947368421 0.03936129385964913
0 0.9071034356725146 0.2516529605263158 0.03179824561403509 0.05703399122807016
0 0.8603801169590644 0.22315241228070173 0.024853801169590642 0.026354166666666692
0 0.8693951023391813 0.19839638157894737 0.033137792397660806 0.029100877192982478
0 0.8652540204678363 0.30100877192982456 0.039473684210526314 0.024163925438596516
0 0.7967836257309941 0.4035964912280702 0.019493786549707615 0.04842105263157891
0 0.8603198099415205 0.4226891447368421 0.021076388888888877 0.048229166666666684
0 0.9195906432748538 0.4337417763157895 0.02144188596491227 0.046578947368421074
0 0.9575420321637427 0.4414144736842105 0.02546235380116958 0.06192434210526318
0 0.9460891812865497 0.5335032894736842 0.04641812865497076 0.03411184210526317
0 0.7298373538011697 0.5174232456140351 0.01595942982456139 0.05312225877192982
0 0.6753161549707603 0.5814610745614035 0.02266081871345029 0.06972039473684215
0 0.6756816520467837 0.6897149122807017 0.02582785087719297 0.07972313596491226
0 0.7322130847953217 0.690079495614035 0.02680372807017545 0.08045230263157889
0 0.6770230263157895 0.8230400219298245 0.026072733918128668 0.07773300438596484
0 0.8485617690058479 0.9907702850877192 0.05238852339181288 0.01845668859649121
0 0.3757309941520468 0.36802631578947365 0.025341739766081884 0.06134320175438602
0 0.41721491228070173 0.3862993421052632 0.029117324561403497 0.039410635964912274
0 0.44212902046783625 0.3921463815789474 0.03386878654970759 0.04379385964912274
0 0.47228252923976605 0.3994544956140351 0.0222953216374269 0.03648026315789472
0 0.49853801169590645 0.40584978070175437 0.02241776315789475 0.03099780701754384
0 0.39035087719298245 0.5865652412280702 0.025341739766081884 0.07444353070175437
0 0.46868969298245616 0.6085800438596491 0.02363486842105262 0.0727905701754386
0 0.039230628654970755 0.23895559210526318 0.02485380116959064 0.04443256578947366
0 0.8908388157894737 0.1233717105263158 0.017543859649122806 0.049010416666666674
