0 0.7327613304093568 0.12567708333333333 0.02180738304093566 0.029865679824561415
0 0.7000493421052632 0.19629385964912283 0.01608187134502924 0.04500000000000002
0 0.7793622076023392 0.3670367324561404 0.035818713450292396 0.026472039473684254
0 0.9076516812865497 0.6305016447368421 0.05116959064327485 0.04170504385964921
0 0.5266209795321638 0.5871080043859649 0.05299707602339181 0.03350054824561405
0 0.4333570906432748 0.31359375 0.030944809941520456 0.0237527412280702
0 0.43743969298245616 0.34237116228070175 0.03545321637426901 0.03196271929824559
0 0.3952247807017544 0.30802083333333335 0.03996162280701756 0.03636239035087722
0 0.3718329678362573 0.5667955043859649 0.037037646198830425 0.034906798245614074
0 0.43152960526315787 0.7227384868421053 0.049219663742690045 0.03429276315789484
0 0.1764126461988304 0.6882072368421053 0.04580957602339181 0.03467379385964906
0 0.1787280701754386 0.5420394736842105 0.05287463450292396 0.0347368421052631
0 0.2246582602339181 0.5113404605263158 0.025341739766081884 0.06105811403508766
0 0.24945175438596492 0.5163651315789474 0.027412280701754384 0.06562500000000003
0 0.08461257309941521 0.5346381578947368 0.05104714912280701 0.0363843201754386
0 0.03070175438596491 0.6661896929824562 0.06140350877192982 0.043634868421052714
0 0.10069444444444445 0.6743174342105263 0.07346491228070176 0.05075657894736838
0 0.3098812134502924 0.8466529605263158 0.045930190058479516 0.04089638157894726
0 0.3027540204678363 0.8964418859649123 0.04264071637426899 0.04361567982456131
0 0.29574744152046784 0.9397450657894737 0.05177814327485379 0.03884594298245615
0 0.8949798976608186 0.7849890350877192 0.055067616959064314 0.040008223684210475
0 0.32504934210526315 0.20026041666666666 0.02144188596491227 0.04745065789473682
0 0.3104294590643275 0.09982456140350877 0.03606176900584794 0.027500000000000014
0 0.09777046783625731 0.04738760964912281 0.018883406432748537 0.028618421052631578
