0 0.4290021929824561 0.011699561403508772 0.023757309941520467 0.023125
0 0.42388523391812866 0.1742845394736842 0.017178362573099414 0.04538925438596489
0 0.3772386695906433 0.21176535087719298 0.0381030701754386 0.028519736842105254
0 0.39414290935672514 0.3905893640350877 0.018914473684210526 0.054476425438596494
0 0.7659448099415205 0.690953947368421 0.044316520467836254 0.031581688596491235
0 0.9520285087719298 0.7209649122807017 0.04276315789473684 0.0340350877192982
0 0.4036001461988304 0.8903892543859648 0.02412280701754386 0.09327850877192975
0 0.4150676169590643 0.8041995614035087 0.02238669590643275 0.07166392543859657
0 0.3357090643274854 0.7652823464912281 0.02905701754385965 0.07606633771929819
0 0.09959795321637427 0.4529468201754386 0.04294590643274854 0.029797149122806968
0 0.04093567251461988 0.35740405701754385 0.027960526315789474 0.04430372807017541
0 0.014300073099415205 0.3769298245614035 0.02860014619883041 0.06005208333333338
0 0.3771016081871345 0.008601973684210526 0.0222953216374269 0.01720394736842105
