0 0.4366465643274854 0.017310855263157895 0.02046783625730994 0.03462171052631579
0 0.3195668859649123 0.16283991228070174 0.03240679824561402 0.025605811403508795
0 0.25127923976608185 0.16155975877192982 0.048123172514619866 0.03401041666666665
0 0.36574013157894736 0.2547423245614035 0.015107821637426914 0.03762609649122807
0 0.3946765350877193 0.296030701754386 0.015716374269005847 0.05441611842105266
0 0.36263340643274855 0.35879385964912286 0.041789108187134515 0.03557017543859655
0 0.5130975877192983 0.4120531798245614 0.0381341374269006 0.034268092105263215
0 0.2324561403508772 0.3960663377192982 0.05068165204678361 0.037014802631579004
0 0.3430793128654971 0.44503015350877195 0.02826571637426902 0.05453399122807019
0 0.33120065789473685 0.5019462719298246 0.03252923976608187 0.0313075657894737
0 0.31201206140350873 0.8246134868421052 0.027046783625730993 0.07174342105263165
0 0.23818165204678363 0.9175246710526316 0.05482456140350877 0.036439144736842184
0 0.70546966374269 0.3470888157894737 0.04032711988304095 0.02860745614035091
0 0.7451882309941521 0.3587828947368421 0.036915204678362575 0.030065789473684167
0 0.7397660818713451 0.3779660087719298 0.037037646198830425 0.028229166666666673
0 0.6332839912280701 0.8176946271929824 0.06286549707602339 0.04328399122807008
0 0.8745741959064328 0.15680921052631577 0.03740314327485381 0.03182017543859647
0 0.6603307748538012 0.015849780701754385 0.03411366959064329 0.03169956140350877
0 0.8045815058479532 0.4140131578947368 0.02046783625730994 0.029048793859649067
