0 0.594968932748538 0.1369627192982456 0.021564327485380116 0.05243695175438595
0 0.6310910087719298 0.09010142543859649 0.019493786549707615 0.040945723684210525
0 0.6758497807017544 0.014125548245614036 0.017635233918128657 0.028251096491228072
0 0.724186769005848 0.018714364035087718 0.021107456140350877 0.034416118421052626
0 0.7696454678362573 0.02145559210526316 0.017909356725146198 0.02893366228070175
0 0.796875 0.021661184210526315 0.021198830409356724 0.03619517543859649
0 0.7893823099415205 0.07688596491228071 0.03179824561403509 0.028771929824561407
0 0.979577850877193 0.21790570175438595 0.04029605263157895 0.028467653508771906
0 0.9859740497076024 0.2525082236842105 0.027503654970760235 0.025024671052631568
0 0.8689692982456141 0.27563870614035085 0.02101608187134503 0.04250822368421054
0 0.7314967105263158 0.34703399122807016 0.03938230994152047 0.03452850877192983
0 0.7861385233918129 0.3479934210526316 0.04267178362573099 0.028223684210526324
0 0.490999634502924 0.4154139254385965 0.0335343567251462 0.031485745614035124
0 0.5521747076023392 0.4169901315789474 0.047149122807017545 0.030523574561403484
0 0.503609283625731 0.4786540570175439 0.036823830409356724 0.022275219298245674
0 0.6402595029239766 0.19006304824561404 0.01864035087719298 0.04816337719298247
0 0.6640168128654971 0.7042763157894736 0.025950292397660817 0.07330317982456136
0 0.4278143274853801 0.735797697368421 0.048793859649122806 0.03766173245614044
0 0.5466008771929824 0.8644654605263158 0.0268640350877193 0.09488486842105272
0 0.49588815789473684 0.8592598684210526 0.0222953216374269 0.06802905701754387
0 0.462125365497076 0.8598081140350877 0.023300438596491228 0.08008771929824557
0 0.4269005847953216 0.8574780701754385 0.02503654970760234 0.08365131578947364
0 0.36065423976608185 0.8615213815789473 0.025950292397660817 0.0711787280701754
0 0.3311860380116959 0.8595339912280702 0.030062134502923978 0.08501918859649113
0 0.30002741228070173 0.8641940789473684 0.02805190058479532 0.07789199561403498
0 0.2263797514619883 0.8571354166666666 0.034265350877192985 0.08433662280701751
0 0.024945175438596492 0.04286184210526316 0.03070175438596491 0.0443311403508772
0 0.014482821637426901 0.13412554824561404 0.028965643274853802 0.03497258771929826
0 0.4355811403508772 0.15709155701754388 0.01864035087719298 0.04390076754385966
0 0.3739948830409357 0.1531167763157895 0.019736842105263157 0.04965734649122808
