0 0.4241593567251462 0.03121436403508772 0.02010233918128655 0.04927357456140351
0 0.4696637426900585 0.09059758771929824 0.015838815789473697 0.04011239035087721
0 0.49116776315789473 0.04820997807017544 0.028386330409356713 0.021126644736842105
0 0.505360014619883 0.012582236842105262 0.031189692982456153 0.025161732456140354
0 0.4015588450292398 0.1740953947368421 0.018517909356725135 0.04263432017543859
0 0.37439144736842106 0.22616776315789472 0.034844663742690074 0.03347587719298242
0 0.4558972953216374 0.21493146929824564 0.015107821637426914 0.03841282894736839
0 0.45303362573099415 0.2590515350877193 0.02278326023391814 0.05538651315789476
0 0.34295869883040936 0.10448464912280703 0.020710891812865485 0.024026864035087712
0 0.3516081871345029 0.5042845394736842 0.02582785087719297 0.07801535087719295
0 0.3680555555555556 0.411469298245614 0.022172880116959053 0.06782346491228072
0 0.16593567251461988 0.8300986842105262 0.054093567251461985 0.038854166666666606
0 0.07182017543859649 0.8190433114035087 0.0668859649122807 0.047809758771929785
0 0.6600877192982456 0.5068887061403509 0.043371710526315777 0.032050438596491246
0 0.900827850877193 0.4124780701754386 0.027777777777777776 0.03511787280701758
0 0.9564455409356726 0.3620504385964912 0.04032711988304095 0.029292763157894773
0 0.9593695175438597 0.7720504385964913 0.041301169590643276 0.03788651315789475
0 0.8162774122807017 0.01932017543859649 0.014619883040935672 0.03644736842105263
0 0.8338212719298246 0.01694627192982456 0.015593932748537999 0.03389254385964912
0 0.9672277046783626 0.13040844298245616 0.03630665204678364 0.03932291666666668
0 0.14004568713450294 0.03265899122807018 0.023026315789473683 0.037538377192982454
0 0.7100383771929825 0.9720394736842105 0.02631578947368421 0.05592105263157895
