0 0.6416301169590644 0.35848684210526316 0.019859283625731007 0.05688322368421046
0 0.5523885233918129 0.25059758771929824 0.04239766081871345 0.032996162280701784
0 0.46332785087719297 0.5361211622807017 0.04215460526315791 0.03203673245614032
0 0.37597404970760234 0.6047286184210526 0.04044773391812864 0.03219024122807026
0 0.9776133040935673 0.4342105263157895 0.0447733918128655 0.03673245614035088
0 0.9630847953216374 0.4806085526315789 0.04264071637426899 0.028837719298245565
0 0.9476114766081871 0.16594298245614036 0.023879751461988317 0.05739583333333332
0 0.990953947368421 0.20243969298245615 0.018092105263157895 0.04851973684210526
0 0.06536366959064328 0.7264117324561403 0.041789108187134494 0.034331140350877136
0 0.013888888888888888 0.21191337719298245 0.027777777777777776 0.048829495614035115
0 0.05007309941520468 0.16203673245614036 0.02948282163742691 0.02582785087719299
0 0.07413559941520469 0.11809484649122808 0.025219298245614034 0.027491776315789463
0 0.26413194444444443 0.019797149122807018 0.031189692982456153 0.02826480263157895
0 0.43983918128654975 0.12150493421052631 0.01418128654970767 0.04761513157894738
0 0.42156432748538014 0.1269873903508772 0.015643274853801237 0.03665021929824563
0 0.42649853801169596 0.09360745614035088 0.014546783625731061 0.02800438596491227
