0 0.3895595760233918 0.4235635964912281 0.054216008771929836 0.03901315789473689
0 0.8278508771929824 0.4801535087719298 0.05482456140350877 0.03705866228070177
0 0.9355500730994152 0.6125246710526315 0.03630665204678364 0.03682017543859641
0 0.9788011695906432 0.6189199561403509 0.04239766081871345 0.031334978070175545
0 0.32133223684210527 0.10130482456140351 0.015228435672514607 0.04507949561403507
0 0.4123410087719298 0.20480811403508772 0.019371345029239765 0.045583881578947355
0 0.12189327485380116 0.5113952850877193 0.04276315789473684 0.030101425438596476
0 0.33491776315789473 0.665751096491228 0.019248903508771918 0.059205043859649004
0 0.32364766081871343 0.727047697368421 0.027169225146198843 0.06666940789473685
0 0.35233918128654973 0.7137088815789474 0.02241776315789475 0.08750548245614043
0 0.512609649122807 0.984375 0.06152595029239767 0.03125
0 0.176109283625731 0.2739254385964912 0.03179824561403511 0.050405701754385995
0 0.3362573099415205 0.26811677631578945 0.019493786549707615 0.046104714912280687
0 0.3267543859649123 0.3190926535087719 0.029727704678362585 0.049369517543859626
0 0.26413194444444443 0.05053728070175439 0.02448830409356725 0.01865131578947369
