0 0.015990497076023392 0.047716557017543855 0.027412280701754384 0.04581688596491228
0 0.21518640350877194 0.014761513157894738 0.02010233918128655 0.029523026315789475
0 0.5579312865497076 0.08786732456140352 0.03125 0.024695723684210535
0 0.5971308479532164 0.088484100877193 0.031067251461988302 0.024558662280701762
0 0.6010599415204678 0.14439418859649122 0.044407894736842105 0.03220668859649123
0 0.9341191520467836 0.11294407894736841 0.03618421052631579 0.028248355263157884
0 0.8730354532163743 0.009830043859649123 0.020924707602339183 0.019660087719298246
0 0.8826754385964912 0.036548793859649126 0.02284356725146199 0.03307565789473685
0 0.4697551169590643 0.19557565789473685 0.021198830409356724 0.031773574561403534
0 0.2171966374269006 0.4213952850877193 0.04239766081871345 0.029739583333333274
0 0.3260233918128655 0.3874780701754386 0.03892543859649123 0.026329495614035137
0 0.31697733918128657 0.4424972587719298 0.03728070175438596 0.028086622807017556
0 0.31588084795321636 0.49552905701754385 0.04239766081871345 0.032722039473684184
0 0.20911001461988304 0.529717653508772 0.04541301169590643 0.03120065789473689
0 0.3050529970760234 0.6446326754385965 0.04358552631578947 0.02939967105263158
0 0.180281432748538 0.69015625 0.059941520467836254 0.03820997807017553
0 0.17086988304093567 0.7604550438596491 0.05391081871345029 0.03351973684210519
0 0.1632858187134503 0.8017023026315789 0.04788011695906433 0.036515899122807026
0 0.1543311403508772 0.8801809210526316 0.051900584795321635 0.03311677631578958
0 0.14007675438596492 0.9715816885964912 0.056286549707602336 0.03225328947368417
0 0.8366228070175439 0.3752302631578947 0.022112573099415205 0.03335252192982458
0 0.9316063596491229 0.41510416666666666 0.04851973684210526 0.03908991228070173
0 0.9479623538011696 0.46923245614035086 0.046509502923976605 0.034956140350877185
0 0.9524396929824561 0.4997916666666667 0.04632675438596491 0.02754385964912281
0 0.9628106725146199 0.5290487938596491 0.046052631578947366 0.02711896929824557
0 0.9810855263157895 0.6205153508771929 0.03782894736842105 0.04146929824561397
0 0.8851425438596491 0.6220230263157894 0.04422514619883041 0.030778508771929756
0 0.8728983918128655 0.5613185307017544 0.041666666666666664 0.03272478070175441
0 0.8666392543859649 0.5322669956140351 0.033717105263157895 0.023966557017543813
0 0.8704769736842105 0.5047258771929825 0.019462719298245616 0.026444627192982403
0 0.1499908625730994 0.35845668859649127 0.02768640350877193 0.06559484649122806
0 0.08726242690058479 0.28541940789473685 0.027412280701754384 0.04836074561403511
0 0.0445906432748538 0.15733552631578948 0.049890350877192985 0.02930921052631581
