0 0.14638157894736842 0.03463541666666667 0.02412280701754386 0.04679276315789473
0 0.12454312865497076 0.10876918859649123 0.022478070175438597 0.049775219298245625
0 0.04303728070175439 0.18578125 0.027595029239766082 0.04480811403508773
0 0.3879751461988304 0.5272669956140351 0.039473684210526314 0.02602521929824563
0 0.38706140350877194 0.5605646929824561 0.03399122807017544 0.029572368421052663
0 0.38760964912280704 0.5968777412280701 0.046052631578947366 0.03366776315789466
0 0.29008223684210527 0.36466008771929825 0.027046783625730993 0.04729989035087724
0 0.3121345029239766 0.1476014254385965 0.024853801169590642 0.0371628289473684
0 0.33168859649122806 0.14942982456140352 0.023757309941520467 0.033508771929824564
0 0.3595888157894737 0.1466858552631579 0.03326023391812866 0.05360745614035086
0 0.38078764619883043 0.14549890350877193 0.03179824561403509 0.05305921052631577
0 0.4172752192982456 0.15235197368421052 0.023148757309941533 0.05396929824561405
0 0.5394736842105263 0.7190844298245613 0.04580957602339183 0.03429276315789484
0 0.6108059210526315 0.7119572368421052 0.06786001461988303 0.05293311403508782
0 0.6888395467836257 0.7149725877192982 0.06676352339181285 0.042516447368421154
0 0.6379148391812866 0.5287006578947369 0.038011695906432746 0.03364583333333327
0 0.8423483187134503 0.5952960526315789 0.027777777777777776 0.06266721491228061
0 0.7732090643274854 0.23590734649122808 0.019859283625731007 0.04930372807017541
0 0.7562134502923976 0.14842379385964913 0.02363486842105262 0.051598135964912285
0 0.7246582602339181 0.05368969298245614 0.02631578947368421 0.03208881578947369
0 0.7336129385964912 0.025186403508771927 0.01620431286549709 0.0335608552631579
0 0.5041429093567251 0.9403070175438596 0.019005847953216373 0.08748629385964903
0 0.5285087719298246 0.9394846491228069 0.023879751461988317 0.08766721491228081
0 0.5758406432748538 0.8867790570175438 0.05884502923976608 0.03671052631578949
0 0.6946875 0.8792872807017543 0.054093567251461985 0.03854440789473675
0 0.9445047514619883 0.9267872807017544 0.035941154970760246 0.08237390350877193
0 0.16307200292397658 0.9024013157894737 0.06664290935672514 0.03908442982456138
0 0.2761933479532164 0.7279139254385965 0.04800255847953218 0.037332785087719186
0 0.349110014619883 0.895 0.04641812865497076 0.0334237938596492
0 0.054033260233918134 0.6536376096491228 0.03618421052631579 0.06604989035087715
0 0.02911732456140351 0.5626507675438597 0.031432748538011694 0.06682017543859656
