0 0.8297514619883041 0.021167763157894738 0.01447368421052645 0.025668859649122803
0 0.84375 0.07682565789473685 0.03326023391812866 0.024046052631578954
0 0.8834429824561403 0.07507127192982456 0.03808479532163736 0.024923245614035083
0 0.847514619883041 0.11195997807017544 0.018128654970760365 0.04496984649122809
0 0.8577850877192983 0.1752933114035088 0.03793859649122814 0.027998903508771957
0 0.8520467836257309 0.23158442982456143 0.024269005847953082 0.040800438596491205
0 0.8931652046783625 0.2621710526315789 0.020979532163742556 0.029605263157894735
0 0.7230994152046784 0.14991502192982456 0.035380116959064394 0.02877741228070176
0 0.5297880116959064 0.19118969298245614 0.029605263157894735 0.01812499999999997
0 0.524671052631579 0.2076891447368421 0.03399122807017544 0.01932291666666667
0 0.5614035087719298 0.2088404605263158 0.033625730994152045 0.020529057017543886
0 0.57671783625731 0.3068941885964912 0.01820175438596498 0.053264802631578935
0 0.6302266081871345 0.6804742324561404 0.04334795321637423 0.03068530701754375
0 0.8565423976608187 0.5589528508771929 0.0222953216374269 0.05628289473684209
0 0.9517909356725146 0.6395476973684211 0.03808479532163736 0.07822094298245624
0 0.9782163742690059 0.7576151315789474 0.03903508771929831 0.07970394736842111
0 0.9848318713450293 0.3592379385964912 0.03033625730994152 0.03185307017543855
0 0.9512426900584795 0.1315405701754386 0.036257309941520405 0.029309210526315795
0 0.3360380116959064 0.8594188596491228 0.042690058479532146 0.02783168859649116
0 0.19413742690058478 0.09152686403508771 0.025657894736842123 0.034808114035087726
0 0.12125730994152047 0.309953399122807 0.027558479532163734 0.06266995614035084
0 0.23174707602339178 0.9709978070175438 0.04751461988304093 0.037173793859649036
