0 0.6704130116959064 0.38639528508771925 0.013157894736842105 0.05157346491228067
0 0.847953216374269 0.24449835526315788 0.030153508771929825 0.04601699561403512
0 0.5203307748538012 0.25189967105263156 0.017269736842105265 0.04436951754385962
0 0.5412554824561403 0.28067708333333335 0.017086988304093567 0.04161458333333335
0 0.4595668859649123 0.39303728070175437 0.022569444444444444 0.10843201754385963
0 0.450703581871345 0.4738870614035088 0.02055921052631579 0.06619791666666673
0 0.3723501461988304 0.5786513157894737 0.049342105263157895 0.03860745614035092
0 0.5026498538011696 0.5944106359649123 0.04312865497076023 0.034490131578947286
0 0.5473775584795322 0.6033881578947368 0.038468567251461985 0.031883223684210635
0 0.6139437134502924 0.6105098684210526 0.09027777777777778 0.046132127192982444
0 0.8688779239766082 0.13016995614035087 0.02266081871345029 0.04762061403508773
0 0.8961988304093568 0.15558936403508772 0.020650584795321638 0.03952576754385966
0 0.8093019005847953 0.06446546052631578 0.02046783625730994 0.04093475877192982
0 0.10224780701754387 0.05322916666666667 0.03545321637426901 0.023947368421052634
0 0.5647386695906432 0.8431935307017543 0.01836622807017544 0.0797532894736841
