0 0.6410215643274854 0.11443804824561404 0.021076388888888877 0.0494188596491228
0 0.6425438596491229 0.16313048245614037 0.018031798245614048 0.0499451754385965
0 0.9013157894736842 0.17171874999999998 0.03849963450292399 0.03422971491228073
0 0.9654002192982456 0.13800986842105264 0.02046783625730994 0.041735197368421066
0 0.6105025584795322 0.6372313596491228 0.05385051169590645 0.0387143640350876
0 0.3765844298245614 0.6533991228070175 0.04410270467836256 0.039986293859649094
0 0.19864766081871346 0.6197834429824561 0.04519919590643273 0.031230811403508852
0 0.052388523391812866 0.46740131578947364 0.041423611111111105 0.03348958333333335
0 0.3971125730994152 0.4717845394736842 0.02546235380116958 0.0714912280701755
0 0.3880354532163743 0.992140899122807 0.04751461988304093 0.01571546052631577
0 0.011573464912280701 0.12969572368421053 0.0207108918128655 0.045211074561403525
