0 0.5123812134502924 0.8074862938596491 0.05071271929824561 0.03712171052631581
0 0.6061312134502924 0.7976206140350877 0.05911915204678363 0.03383771929824551
0 0.7725694444444444 0.8409210526315789 0.09685672514619884 0.05464638157894747
0 0.38441154970760233 0.6084978070175439 0.01864035087719298 0.06129385964912291
0 0.411641081871345 0.5169654605263159 0.04751461988304093 0.03173519736842105
0 0.5409813596491229 0.44858552631578946 0.047605994152046784 0.04026041666666664
0 0.42128106725146197 0.4243969298245614 0.0201937134502924 0.05904605263157897
0 0.24689327485380116 0.48387061403508774 0.04513888888888889 0.035449561403508814
0 0.13459429824561403 0.19156250000000002 0.03435672514619883 0.022379385964912308
0 0.1752558479532164 0.19197368421052632 0.044407894736842105 0.02594298245614038
0 0.4043311403508772 0.16997807017543862 0.014619883040935672 0.0381496710526316
0 0.4291849415204678 0.3686759868421053 0.03874269005847953 0.024358552631578982
0 0.4756944444444444 0.3646326754385965 0.04952485380116959 0.03134868421052635
0 0.43494152046783624 0.11623355263157895 0.015533625730994151 0.023862390350877182
0 0.9570997807017544 0.6690350877192982 0.03188961988304093 0.07271929824561396
0 0.9798062865497076 0.7415953947368421 0.03252923976608187 0.06569901315789475
0 0.973547149122807 0.1806140350877193 0.03919956140350877 0.03337719298245614
0 0.016493055555555556 0.5914117324561403 0.03298611111111111 0.033974780701754276
