0 0.14948830409356725 0.17866228070175438 0.02363486842105262 0.04811129385964912
0 0.08607456140350878 0.3219051535087719 0.024731359649122805 0.04951206140350874
0 0.12859466374269005 0.42641447368421054 0.039108187134502925 0.039235197368421085
0 0.20303362573099415 0.40640899122807017 0.03935124269005846 0.033944627192982434
0 0.2141812865497076 0.1529906798245614 0.023879751461988317 0.049766995614035074
0 0.2498172514619883 0.15765076754385965 0.01595942982456139 0.038985745614035096
0 0.27199013157894736 0.15609649122807018 0.01644736842105263 0.04501644736842106
0 0.2958095760233918 0.15682839912280702 0.02144188596491227 0.04647752192982455
0 0.34137426900584794 0.15564144736842103 0.015107821637426914 0.03862116228070173
0 0.3603801169590643 0.1560060307017544 0.019005847953216373 0.04666118421052632
0 0.38377192982456143 0.15673519736842104 0.017055921052631564 0.04812225877192981
0 0.4317744883040936 0.15445175438596492 0.015593932748537999 0.04538103070175437
0 0.4298245614035088 0.051132127192982456 0.02144188596491227 0.03428179824561404
0 0.17799707602339182 0.46752741228070177 0.041666666666666664 0.030082236842105203
0 0.25615314327485383 0.46807291666666667 0.04325109649122808 0.034832785087719344
0 0.3277284356725146 0.4653344298245614 0.05116959064327485 0.03300712719298242
0 0.4209923245614035 0.4681661184210526 0.039108187134502925 0.03318804824561408
0 0.608735380116959 0.21749451754385965 0.0268640350877193 0.024904057017543835
0 0.6830683479532164 0.11547423245614036 0.03024488304093567 0.025084978070175436
0 0.7825749269005848 0.06675986842105262 0.019097222222222224 0.03593201754385964
0 0.7889711257309941 0.10231907894736841 0.017269736842105265 0.03166940789473684
0 0.8011695906432749 0.15767543859649125 0.027960526315789474 0.07111019736842107
0 0.8336531432748538 0.025104166666666667 0.03170687134502924 0.02388980263157895
0 0.8681469298245614 0.019553179824561402 0.03216374269005848 0.019646381578947367
0 0.984968932748538 0.08025767543859648 0.030062134502923978 0.02866228070175438
0 0.9920504385964912 0.05970394736842106 0.015899122807017545 0.020449561403508777
0 0.8764163011695907 0.8217269736842104 0.033168859649122806 0.08067982456140343
0 0.8691063596491229 0.8902467105263158 0.04413377192982456 0.04228344298245614
0 0.2273391812865497 0.8398821271929824 0.03892543859649123 0.09369243421052631
0 0.317891081871345 0.8445422149122807 0.02448830409356725 0.0810827850877193
