0 0.39175255847953216 0.3022094298245614 0.02448830409356725 0.06860197368421056
0 0.40423976608187134 0.22940241228070177 0.023879751461988317 0.0637006578947368
0 0.23196820175438596 0.5426589912280702 0.049707602339181284 0.03780153508771926
0 0.15174159356725148 0.5328837719298246 0.05616410818713449 0.03835526315789475
0 0.2877686403508772 0.6924780701754386 0.019979897660818702 0.04504660087719296
0 0.3196875 0.7543229166666666 0.030213815789473672 0.07918585526315787
0 0.2753417397660819 0.8659621710526316 0.05847953216374269 0.042960526315789546
0 0.702607821637427 0.6803262061403509 0.02850877192982456 0.08104440789473674
0 0.46905519005847957 0.951781798245614 0.0560434941520468 0.04830043859649118
0 0.7236239035087719 0.8510197368421053 0.049830043859649134 0.042316337719298214
0 0.7740625 0.8628042763157895 0.04836805555555557 0.04212719298245622
0 0.7687627923976609 0.9001672149122807 0.04629568713450291 0.03462171052631584
0 0.6647788742690058 0.3124643640350877 0.036915204678362575 0.030633223684210526
0 0.9326882309941521 0.5258689692982456 0.0537280701754386 0.04077302631578941
0 0.8804824561403509 0.24162554824561405 0.02850877192982456 0.03332510964912279
0 0.4100274122807018 0.08208059210526315 0.03179824561403509 0.03221765350877192
0 0.4337225877192982 0.037316337719298244 0.014619883040935672 0.0413733552631579
0 0.48343019005847954 0.06919956140350877 0.01656980994152048 0.0375219298245614
0 0.4798373538011696 0.10638157894736841 0.017909356725146198 0.04792214912280703
0 0.9312865497076024 0.20120888157894737 0.03508771929824561 0.029243421052631596
0 0.9477339181286549 0.014024122807017543 0.03630665204678364 0.02804550438596491
0 0.24744152046783627 0.9806743421052632 0.03216374269005848 0.038651315789473686
0 0.09697916666666666 0.9255838815789474 0.07212536549707603 0.052554824561403576
0 0.853313230994152 0.9557319078947369 0.02046783625730994 0.03609649122807026
