0 0.830921052631579 0.08326206140350878 0.03318713450292404 0.021567982456140368
0 0.7203947368421053 0.017066885964912282 0.02850877192982456 0.024046052631578947
0 0.6760599415204679 0.014106359649122806 0.039985380116959096 0.028212719298245613
0 0.6262426900584795 0.010381030701754385 0.03903508771929831 0.02076206140350877
0 0.5070175438596491 0.04995339912280702 0.012573099415204712 0.032801535087719304
0 0.47997076023391816 0.30831962719298245 0.019883040935672548 0.04405427631578948
0 0.4696637426900585 0.41363760964912283 0.021198830409356724 0.060608552631578924
0 0.47631578947368425 0.5625603070175438 0.04766081871345033 0.03388980263157898
0 0.4475877192982456 0.6140789473684211 0.021491228070175505 0.062371162280701685
0 0.8748538011695907 0.4449259868421052 0.028947368421052565 0.07274945175438594
0 0.8353801169590643 0.10216008771929824 0.028947368421052565 0.018796600877192995
0 0.8387792397660819 0.11833059210526316 0.03209064327485387 0.021529605263157885
0 0.960297880116959 0.6696025219298246 0.036458333333333336 0.07796600877192984
0 0.021335891812865496 0.3184539473684211 0.03993055555555555 0.02808388157894732
0 0.023346125730994153 0.3408580043859649 0.03664108187134503 0.03588541666666663
0 0.06044407894736842 0.2867982456140351 0.034082602339181284 0.038785635964912316
0 0.9236567982456141 0.4562171052631579 0.025310672514619884 0.043188048245614084
0 0.94828216374269 0.4590268640350877 0.024305555555555556 0.04195449561403514
0 0.9817708333333334 0.469577850877193 0.0245796783625731 0.03290570175438595
