0 0.2732090643274854 0.31902412280701753 0.03837719298245614 0.03643640350877195
0 0.20851608187134502 0.38198190789473685 0.027704678362573083 0.05650767543859646
0 0.18559941520467838 0.5043256578947368 0.04371345029239767 0.033654057017543856
0 0.22660818713450293 0.5168229166666667 0.039473684210526314 0.03233278508771925
0 0.21348684210526317 0.5398464912280702 0.03881578947368423 0.030128837719298206
0 0.5315423976608187 0.02811129385964912 0.027266081871344997 0.02310581140350877
0 0.47017543859649125 0.05858552631578948 0.029532163742690125 0.02265625000000001
0 0.2584795321637427 0.10654605263157894 0.02426900584795325 0.023182565789473697
0 0.44956140350877194 0.2751370614035088 0.04093567251461988 0.03141721491228071
0 0.05062134502923977 0.044136513157894734 0.0266812865497076 0.0441968201754386
0 0.023574561403508772 0.09675712719298246 0.031067251461988302 0.05294407894736842
