0 0.6423611111111112 0.2699259868421053 0.017361111111111112 0.05849232456140354
0 0.6415844298245614 0.32727521929824566 0.016721491228070175 0.05120614035087724
0 0.9304184941520468 0.3373492324561404 0.044316520467836254 0.03982730263157894
0 0.9943347953216374 0.2930866228070176 0.011330409356725146 0.04724780701754389
0 0.3580043859649123 0.7251781798245613 0.029788011695906433 0.08220942982456131
0 0.5331231725146199 0.9297313596491228 0.05016447368421053 0.04038651315789472
0 0.7190241228070176 0.9574808114035087 0.06286549707602339 0.050652412280701685
0 0.3307748538011696 0.9607017543859648 0.04842836257309942 0.04201754385964905
0 0.12856359649122806 0.9184265350877193 0.051535087719298246 0.04107730263157905
0 0.04486476608187134 0.016831140350877193 0.041301169590643276 0.026537828947368423
0 0.01640168128654971 0.06746436403508772 0.030975877192982455 0.03597039473684211
0 0.1539656432748538 0.046705043859649124 0.03654970760233918 0.03145833333333333
