0 0.1903636695906433 0.07186951754385965 0.023757309941520467 0.041033442982456134
0 0.4409722222222222 0.19711622807017545 0.02059027777777779 0.030200109649122828
0 0.43865679824561404 0.3222697368421053 0.01839729532163744 0.05755208333333328
0 0.38389437134502924 0.3204440789473684 0.014862938596491215 0.046589912280701765
0 0.3611111111111111 0.3226370614035088 0.02046783625730994 0.05097313596491223
0 0.33851059941520467 0.3187993421052632 0.017909356725146198 0.04695449561403508
0 0.28880299707602336 0.3184320175438597 0.020833333333333332 0.05353344298245613
0 0.26242690058479534 0.31596765350877193 0.018031798245614048 0.04677357456140354
0 0.2383644005847953 0.31550986842105266 0.0222953216374269 0.047686403508771937
0 0.19986659356725148 0.311765350877193 0.023269371345029228 0.056641995614035115
0 0.0402046783625731 0.5359484649122808 0.02680372807017543 0.055449561403508825
0 0.07504934210526316 0.5451754385964912 0.023391812865497075 0.057453399122806996
0 0.17677814327485383 0.6269599780701754 0.04410270467836258 0.0327933114035088
0 0.3054331140350877 0.7093612938596491 0.06262244152046785 0.04043037280701749
0 0.4026553362573099 0.716485745614035 0.04751461988304093 0.03640899122807009
0 0.21978618421052634 0.7086293859649122 0.05458150584795323 0.038969298245613994
0 0.0554952485380117 0.7027823464912281 0.04885416666666667 0.03458607456140353
0 0.05116959064327485 0.7527549342105264 0.06335343567251463 0.034018640350877295
0 0.8340643274853801 0.23004385964912283 0.02582785087719297 0.04487938596491229
0 0.8914473684210527 0.17714912280701756 0.030944809941520456 0.02498903508771932
0 0.9317744883040936 0.1754139254385965 0.03606176900584794 0.026998355263157896
0 0.8101845760233918 0.12005208333333331 0.021929824561403508 0.044196820175438585
0 0.7195413011695906 0.28513157894736846 0.04044773391812864 0.025307017543859663
0 0.6419956140350878 0.4085526315789474 0.0425201023391813 0.025435855263157885
0 0.8400950292397661 0.27261513157894735 0.02448830409356725 0.03864857456140348
0 0.854654605263158 0.33984649122807015 0.03045869883040937 0.09270285087719293
