0 0.9053362573099415 0.012582236842105262 0.04410270467836256 0.025161732456140354
0 0.8849908625730994 0.2494627192982456 0.025341739766081884 0.04533991228070178
0 0.7911787280701754 0.14650493421052632 0.018031798245614048 0.049588815789473696
0 0.8896198830409356 0.34346491228070175 0.024853801169590642 0.048771929824561425
0 0.4854404239766082 0.3913349780701754 0.019371345029239765 0.049481907894736776
0 0.5096856725146199 0.42540844298245617 0.021564327485380116 0.05001644736842106
0 0.47094298245614036 0.015323464912280703 0.03179824561403509 0.021143092105263158
0 0.5372203947368421 0.017787828947368422 0.03764619883040936 0.027900219298245613
0 0.5769974415204678 0.020071271929824563 0.033137792397660806 0.030641447368421056
0 0.6775712719298246 0.06684484649122807 0.025950292397660817 0.036466557017543866
0 0.022172880116959063 0.18240953947368418 0.039473684210526314 0.03185032894736844
0 0.09929276315789475 0.33581414473684207 0.020710891812865496 0.026159539473684167
0 0.42543859649122806 0.5712609649122807 0.02241776315789475 0.12973135964912286
0 0.4181889619883041 0.6659128289473685 0.021321271929824574 0.07049342105263154
0 0.3317489035087719 0.806875 0.05677448830409358 0.03992050438596494
0 0.47837536549707604 0.8105290570175439 0.04909904970760235 0.039917763157894706
0 0.528265716374269 0.814547697368421 0.042885599415204693 0.047955043859649014
0 0.6023994883040935 0.8178371710526315 0.10221673976608185 0.0472231359649124
0 0.6545449561403509 0.5391118421052632 0.021321271929824574 0.06543311403508772
