0 0.05116959064327485 0.07478344298245614 0.030153508771929825 0.0492406798245614
0 0.08356176900584796 0.07464912280701755 0.0245796783625731 0.04622532894736842
0 0.10133406432748537 0.07834703947368421 0.019005847953216373 0.04540296052631579
0 0.11997441520467836 0.07917214912280701 0.023391812865497075 0.036082785087719296
0 0.17096125730994152 0.0723876096491228 0.019371345029239765 0.02663103070175438
0 0.20193713450292397 0.08054276315789473 0.024671052631578948 0.022379385964912277
0 0.23876096491228072 0.0806798245614035 0.019736842105263157 0.025394736842105258
0 0.36152229532163743 0.30138157894736844 0.024945175438596492 0.05424067982456137
0 0.3567708333333333 0.35776864035087724 0.019097222222222224 0.06422149122807023
0 0.42406798245614036 0.32693804824561407 0.017543859649122806 0.04916118421052636
0 0.3094389619883041 0.6503481359649123 0.02677266081871345 0.0833196271929824
0 0.29545869883040937 0.7555921052631579 0.02987938596491228 0.07450383771929824
0 0.9567799707602339 0.9489309210526315 0.03033625730994152 0.08700932017543855
0 0.9690241228070176 0.7115844298245615 0.05116959064327485 0.03446271929824568
0 0.984968932748538 0.6717077850877192 0.030062134502923978 0.03420504385964905
0 0.8210434941520468 0.18410087719298246 0.03572733918128655 0.022530153508771945
0 0.7698739035087719 0.17841282894736843 0.032072368421052634 0.02623355263157896
0 0.7251461988304093 0.036554276315789475 0.014802631578947368 0.041307565789473685
0 0.9670138888888888 0.00887609649122807 0.017909356725146198 0.01775219298245614
