0 0.6379751461988304 0.30348958333333337 0.017421418128654956 0.05288651315789472
0 0.40350877192982454 0.07086074561403509 0.02241776315789475 0.05912280701754387
0 0.39607638888888885 0.13307565789473683 0.019736842105263157 0.042834429824561385
0 0.7937993421052632 0.2965076754385965 0.01961440058479531 0.05354166666666668
0 0.8001334064327486 0.3442872807017544 0.022538377192982444 0.05589638157894733
0 0.8480756578947368 0.23456962719298247 0.022172880116959053 0.05027960526315792
0 0.8886458333333334 0.45857182017543857 0.05701754385964912 0.037760416666666664
0 0.6474177631578948 0.5535498903508772 0.03752375730994151 0.032173793859649094
0 0.9133771929824561 0.7075191885964913 0.021198830409356724 0.05319627192982467
0 0.922514619883041 0.7725630482456141 0.02241776315789475 0.06632401315789468
0 0.9491355994152046 0.7728371710526316 0.03545321637426901 0.06869791666666658
0 0.42616959064327486 0.7723108552631579 0.04824561403508772 0.04206414473684206
0 0.2941027046783626 0.8264802631578947 0.03265168128654972 0.09009320175438593
0 0.3994279970760234 0.8690542763157895 0.047149122807017545 0.04001096491228071
0 0.36135416666666664 0.9647286184210526 0.03070175438596491 0.07054002192982455
0 0.3142671783625731 0.3146875 0.02059027777777779 0.05517817982456139
0 0.29239766081871343 0.3078371710526316 0.019493786549707615 0.0542680921052631
0 0.27144188596491226 0.30546052631578946 0.02144188596491227 0.053174342105263166
0 0.23251644736842103 0.2987938596491228 0.025219298245614034 0.04897478070175438
0 0.19584612573099416 0.29376644736842106 0.022538377192982444 0.05171600877192981
0 0.17574378654970763 0.2882867324561404 0.023757309941520487 0.04806469298245615
0 0.13633040935672514 0.2837171052631579 0.031432748538011694 0.057201206140350895
0 0.1481487573099415 0.18112938596491227 0.02241776315789475 0.03294682017543861
0 0.059941520467836254 0.1692516447368421 0.03216374269005848 0.0420860745614035
0 0.026255482456140348 0.16678728070175441 0.029362207602339183 0.042637061403508765
0 0.045747441520467835 0.2712938596491228 0.029362207602339183 0.0542845394736842
