0 0.16001461988304094 0.23449013157894735 0.021783625730994162 0.05867598684210525
0 0.2247441520467836 0.2861266447368421 0.04086257309941519 0.032563048245614026
0 0.3235014619883041 0.25247258771929826 0.03516081871345031 0.028848684210526318
0 0.3175438596491228 0.29884594298245615 0.037134502923976576 0.02729440789473689
0 0.3157894736842105 0.34362664473684207 0.03654970760233918 0.028042763157894786
0 0.21970029239766084 0.37876096491228073 0.04100877192982458 0.03142543859649119
0 0.19817251461988306 0.5103344298245615 0.04839181286549709 0.0340460526315789
0 0.19111842105263158 0.5707182017543859 0.043786549707602325 0.03266721491228072
0 0.18373538011695906 0.6055263157894737 0.04510233918128654 0.03319901315789465
0 0.1797514619883041 0.670501644736842 0.046637426900584804 0.030479714912280593
0 0.1677266081871345 0.7431277412280701 0.049634502923976594 0.03428453947368413
0 0.1628654970760234 0.783360745614035 0.04941520467836259 0.03361019736842096
0 0.1527777777777778 0.8293722587719299 0.05263157894736842 0.03900767543859654
0 0.39576023391812865 0.9189912280701754 0.053216374269005814 0.030748355263157914
0 0.4722222222222222 0.9095641447368421 0.05701754385964912 0.04259046052631576
0 0.7466374269005848 0.8838020833333333 0.06198830409356722 0.04150493421052628
0 0.8051169590643276 0.8734429824561404 0.04736842105263171 0.039427083333333314
0 0.5748538011695906 0.03802083333333333 0.04005847953216371 0.029772478070175443
0 0.7708333333333334 0.011329495614035087 0.03289473684210526 0.022658991228070174
0 0.7882309941520468 0.21624177631578947 0.02383040935672508 0.01888980263157897
0 0.8782163742690059 0.25751644736842105 0.04444444444444458 0.030161732456140344
0 0.8936038011695907 0.30015899122807016 0.04232456140350884 0.029925986842105283
0 0.8969663742690058 0.3271271929824561 0.043201754385964845 0.026844846491228026
0 0.9067616959064327 0.3500383771929825 0.03940058479532171 0.031000548245614074
0 0.8180555555555555 0.3313486842105263 0.022076023391812732 0.025416666666666612
0 0.8207602339181286 0.3522861842105263 0.028947368421052565 0.025627741228070114
0 0.8233552631578946 0.37837719298245615 0.03779239766081858 0.03394736842105267
0 0.09963450292397662 0.1732236842105263 0.02090643274853802 0.04359649122807017
0 0.05317982456140351 0.06296875 0.04666118421052632 0.03054002192982457
0 0.987390350877193 0.6270778508771929 0.025219298245614034 0.030254934210526285
0 0.9629751461988303 0.5341694078947369 0.042909356725146064 0.0363240131578948
0 0.9439327485380117 0.4761787280701754 0.040643274853801106 0.03218201754385967
0 0.9293494152046783 0.42421600877192983 0.0458333333333332 0.03790570175438602
