0 0.6205683479532164 0.09136513157894738 0.014894005847953216 0.05224780701754386
0 0.8198556286549707 0.2443092105263158 0.049798976608187134 0.03467105263157895
0 0.8516081871345029 0.22217927631578946 0.01918859649122807 0.038379934210526316
0 0.952531067251462 0.2655482456140351 0.03737207602339181 0.030550986842105245
0 0.833561769005848 0.3401781798245614 0.04797149122807018 0.03041118421052633
0 0.9079404239766082 0.3483305921052632 0.046875 0.03712171052631581
0 0.742781432748538 0.37405427631578947 0.019005847953216373 0.046077302631578984
0 0.7628380847953217 0.3758333333333333 0.019828216374269007 0.04689967105263162
0 0.6095120614035088 0.5757922149122806 0.01653874269005848 0.06030153508771924
0 0.5386970029239766 0.6301946271929824 0.04851973684210526 0.04027138157894733
0 0.5656980994152047 0.2568475877192983 0.03399122807017544 0.033706140350877205
0 0.5737390350877193 0.1451672149122807 0.020833333333333332 0.026902412280701768
0 0.6713267543859649 0.9352138157894736 0.025950292397660817 0.08150493421052629
0 0.3522478070175439 0.9604331140350877 0.05299707602339181 0.03873903508771922
0 0.394828216374269 0.9102110745614035 0.04678362573099415 0.03834978070175429
0 0.38582785087719296 0.3075109649122807 0.03700657894736842 0.026754385964912256
0 0.33292214912280704 0.30333333333333334 0.039016812865497075 0.025249451754386
0 0.3516995614035088 0.05513157894736842 0.029970760233918127 0.08531798245614035
0 0.3328307748538012 0.13015899122807018 0.02238669590643275 0.05034265350877192
0 0.1183296783625731 0.9592242324561403 0.03837719298245614 0.0815515350877193
0 0.005528143274853801 0.012179276315789472 0.011056286549707603 0.02435581140350877
