0 0.6260361842105263 0.6212637061403509 0.0422752192982456 0.03419407894736836
0 0.3496582602339181 0.7949287280701754 0.06091557017543858 0.036126644736842094
0 0.4457236842105263 0.9498985745614035 0.02765533625730993 0.09753015350877192
0 0.6722715643274854 0.9624451754385965 0.028751827485380105 0.07510964912280702
0 0.8730500730994152 0.34726699561403507 0.03070175438596491 0.06186129385964914
0 0.9144133771929824 0.22741502192982457 0.022052266081871358 0.026833881578947397
0 0.7914839181286549 0.2774753289473684 0.027169225146198843 0.05385142543859647
0 0.7841739766081871 0.334391447368421 0.036915204678362575 0.030622258771929835
0 0.7880116959064327 0.3950493421052632 0.03606176900584794 0.034983552631578915
0 0.7590149853801169 0.1446765350877193 0.017055921052631564 0.045934758771929804
0 0.8240131578947368 0.17528234649122806 0.021564327485380116 0.043179824561403506
0 0.372015716374269 0.0479358552631579 0.02887426900584795 0.026060855263157892
0 0.15996527777777778 0.06099780701754386 0.0202247807017544 0.03939418859649122
0 0.11677631578947369 0.256313048245614 0.02278326023391814 0.04625274122807018
0 0.14284904970760234 0.2845422149122807 0.021321271929824574 0.04240131578947367
0 0.22197916666666667 0.32665844298245617 0.039473684210526314 0.02977796052631582
0 0.35319261695906434 0.47601973684210525 0.021686769005847966 0.05986019736842102
0 0.37469480994152043 0.5148464912280702 0.014742324561403522 0.04796600877192983
0 0.3756706871345029 0.46697642543859647 0.016690423976608172 0.03994791666666667
0 0.8277284356725146 0.1203782894736842 0.03265168128654972 0.030233004385964903
0 0.7733918128654971 0.005986842105263157 0.01656980994152048 0.01197094298245614
