0 0.6422697368421053 0.34590460526315786 0.03728070175438596 0.02952850877192977
0 0.8597404970760234 0.27300164473684213 0.051900584795321635 0.03723410087719299
0 0.7750822368421053 0.1402576754385965 0.018731725146198832 0.03627192982456142
0 0.7815698099415205 0.18081962719298245 0.018914473684210526 0.04063870614035088
0 0.8248355263157895 0.09147478070175438 0.01864035087719298 0.037390350877192974
0 0.6356451023391813 0.1500548245614035 0.017635233918128657 0.04627192982456139
0 0.8839546783625731 0.5161951754385965 0.018092105263157895 0.05075383771929827
0 0.9063413742690059 0.5070805921052631 0.028143274853801168 0.06679002192982458
0 0.8776955409356725 0.4678892543859649 0.021107456140350877 0.048719846491228076
0 0.432108918128655 0.5862883771929825 0.04093567251461988 0.03331962719298251
0 0.45097770467836257 0.5147560307017544 0.041209795321637425 0.038283991228070136
0 0.3358004385964912 0.5539446271929824 0.027412280701754384 0.0727987938596491
0 0.20344480994152048 0.7100575657894737 0.04870248538011696 0.03140899122807016
0 0.24570540935672514 0.9626343201754386 0.051900584795321635 0.0513651315789474
0 0.29120979532163743 0.8462225877192983 0.029605263157894735 0.08032894736842104
0 0.3704312865497076 0.9250849780701754 0.02540204678362573 0.08043037280701751
0 0.36449195906432746 0.985608552631579 0.02631578947368421 0.028782894736842105
0 0.3984831871345029 0.6702439692982457 0.024853801169590642 0.07376918859649113
0 0.049342105263157895 0.02649122807017544 0.02284356725146199 0.03900219298245614
0 0.08068347953216375 0.035194627192982456 0.021564327485380116 0.03584703947368421
0 0.11175073099415204 0.03601425438596491 0.025219298245614034 0.03749177631578947
0 0.1918402777777778 0.04266173245614035 0.016355994152046784 0.032966008771929824
0 0.18603801169590642 0.1282373903508772 0.025767543859649123 0.04923519736842106
0 0.21865862573099415 0.13371984649122806 0.01608187134502924 0.04375274122807018
0 0.23615679824561403 0.13501918859649123 0.02275219298245614 0.047727521929824566
0 0.2706505847953216 0.13926809210526317 0.02320906432748538 0.042516447368421056
0 0.3047331871345029 0.14495614035087717 0.02010233918128655 0.044295504385964905
0 0.3235562865497076 0.14796874999999998 0.021198830409356724 0.04155701754385964
0 0.3438870614035088 0.14995614035087718 0.020741959064327485 0.047445175438596485
0 0.4151133040935672 0.012584978070175439 0.017909356725146198 0.025169956140350877
0 0.03170687134502924 0.11206688596491228 0.029605263157894735 0.044309210526315784
0 0.10023757309941521 0.11693256578947368 0.02412280701754386 0.04444627192982456
