0 0.5102942251461988 0.1553673245614035 0.015473318713450306 0.043555372807017524
0 0.5020705409356725 0.2414199561403509 0.022172880116959053 0.058500548245614056
0 0.5081012426900585 0.3599095394736842 0.04519919590643273 0.03049342105263152
0 0.48099415204678364 0.40065241228070175 0.02631578947368421 0.05715186403508766
0 0.8382675438596491 0.008908991228070175 0.03301717836257311 0.017815241228070176
0 0.86421783625731 0.275202850877193 0.02400036549707601 0.0566173245614035
0 0.9089912280701754 0.2810526315789474 0.022172880116959053 0.03176809210526316
0 0.9317744883040936 0.285984100877193 0.02144188596491227 0.03066885964912284
0 0.9624762426900585 0.2939336622807017 0.019493786549707615 0.026463815789473676
0 0.9828819444444444 0.29631030701754385 0.022538377192982444 0.020249451754385934
0 0.9357328216374269 0.45535361842105265 0.03301717836257311 0.06604166666666669
0 0.1340643274853801 0.13307565789473683 0.032748538011695916 0.02799342105263158
0 0.10098684210526317 0.1550027412280702 0.03165204678362574 0.0192160087719298
