0 0.4287591374269006 0.13568804824561403 0.020528143274853788 0.0592077850877193
0 0.4384137426900585 0.07895833333333334 0.019736842105263157 0.04625822368421053
0 0.6731853070175439 0.14857456140350878 0.031189692982456153 0.028322368421052613
0 0.28913925438596494 0.3242763157894737 0.04099597953216373 0.030682565789473638
0 0.21692251461988304 0.3174698464912281 0.051900584795321635 0.03625822368421052
0 0.3397605994152047 0.4416063596491228 0.01918859649122807 0.03507675438596492
0 0.36896929824561403 0.49134594298245615 0.0246107456140351 0.05688870614035093
0 0.3307748538011696 0.5716228070175439 0.049342105263157895 0.03378015350877187
0 0.18031250000000001 0.6139638157894737 0.06030701754385967 0.04262335526315784
0 0.30442799707602336 0.6819490131578947 0.033808479532163746 0.06528782894736844
0 0.21326754385964913 0.7418009868421053 0.04215460526315791 0.036962719298245655
0 0.2805190058479532 0.7534484649122807 0.05482456140350877 0.0392406798245613
0 0.49832419590643273 0.6417297149122807 0.050012792397660835 0.04424342105263148
0 0.721125730994152 0.5712417763157894 0.04057017543859649 0.03758497807017541
0 0.7638285818713451 0.5827521929824562 0.04434758771929826 0.038675986842105305
0 0.7586202485380117 0.610890899122807 0.040630482456140336 0.03281798245614042
0 0.9095705409356726 0.3281441885964912 0.05074378654970762 0.033845942982456086
0 0.918251096491228 0.07082510964912281 0.03338267543859651 0.02085526315789474
0 0.8691520467836257 0.10024122807017544 0.030213815789473672 0.02486293859649124
