0 0.5062737573099415 0.0815515350877193 0.01961440058479531 0.04212445175438596
0 0.16209795321637427 0.03706414473684211 0.030579312865497064 0.0317297149122807
0 0.19273940058479533 0.5086348684210527 0.049219663742690045 0.03554550438596493
0 0.3734155701754386 0.27979166666666666 0.03776864035087721 0.032902960526315785
0 0.6299945175438596 0.5880619517543859 0.039230628654970776 0.0390625
0 0.7274616228070175 0.6023108552631579 0.05385051169590645 0.0456332236842106
0 0.7705281432748537 0.5718887061403509 0.019371345029239765 0.06702302631578948
0 0.7906926169590643 0.5775520833333333 0.021929824561403508 0.0746929824561403
0 0.7378161549707603 0.5046546052631579 0.018517909356725135 0.04951206140350874
0 0.9249506578947368 0.6356578947368421 0.04678362573099415 0.04470394736842103
0 0.7631578947368421 0.7537774122807018 0.044833698830409344 0.0378947368421052
0 0.6915204678362573 0.7396162280701755 0.06237755847953215 0.051603618421052634
0 0.6148263888888889 0.726828399122807 0.06371893274853803 0.047955043859649014
0 0.4220266812865497 0.8281387061403509 0.025341739766081884 0.0733059210526316
0 0.9448099415204678 0.9300603070175439 0.05482456140350877 0.04506030701754389
0 0.9533991228070176 0.9802631578947368 0.04641812865497076 0.039473684210526314
0 0.737390350877193 0.14175712719298245 0.035941154970760246 0.03277960526315789
0 0.8821271929824561 0.3652987938596491 0.037889254385964896 0.03578947368421051
0 0.920016447368421 0.3716036184210526 0.03326023391812866 0.0319517543859649
0 0.9350018274853801 0.4016584429824561 0.041301169590643276 0.03175438596491232
0 0.8910215643274854 0.020712719298245613 0.02887426900584795 0.026439144736842102
0 0.6456505847953217 0.9519133771929824 0.044956140350877194 0.046735197368420994
