0 0.3534356725146199 0.009712171052631578 0.01699561403508772 0.019424342105263157
0 0.3393640350877193 0.14639802631578946 0.018092105263157895 0.048552631578947354
0 0.3354349415204678 0.19072916666666667 0.019371345029239765 0.04538377192982455
0 0.39396016081871343 0.20073190789473683 0.014894005847953216 0.04620065789473683
0 0.5994152046783626 0.28165021929824563 0.037463450292397664 0.02574835526315788
0 0.7383497807017544 0.2463623903508772 0.022021198830409358 0.05248355263157896
0 0.7749451754385965 0.27856907894736843 0.035818713450292396 0.02643366228070174
0 0.8195358187134503 0.2766502192982456 0.03728070175438596 0.028078399122807005
0 0.911686769005848 0.27521107456140353 0.04523026315789474 0.03205317982456139
0 0.9024122807017544 0.021055372807017546 0.02942251461988304 0.024018640350877193
0 0.9163925438596491 0.0066694078947368415 0.015350877192982455 0.013338815789473683
0 0.9750091374269005 0.016943530701754386 0.027503654970760235 0.03224232456140351
0 0.9881670321637427 0.04859649122807017 0.02366593567251462 0.03798519736842105
0 0.994563230994152 0.08450109649122807 0.010873538011695907 0.03303728070175438
0 0.7683662280701754 0.42457785087719296 0.02631578947368421 0.05803728070175433
0 0.7535179093567251 0.4584237938596491 0.023117690058479533 0.05171875000000002
0 0.8200383771929824 0.5639418859649123 0.05016447368421053 0.03796875000000006
0 0.36504020467836257 0.8303728070175438 0.023757309941520467 0.07192708333333342
0 0.3811220760233918 0.49393092105263153 0.019371345029239765 0.05419956140350872
0 0.03147843567251462 0.893547149122807 0.06295687134502924 0.04202576754385976
0 0.053636695906432746 0.2930016447368421 0.036915204678362575 0.025145285087719304
