0 0.6005720029239766 0.04692982456140351 0.018152412280701743 0.03684210526315789
0 0.5875968567251462 0.11589912280701754 0.02266081871345029 0.052341008771929806
0 0.5886330409356725 0.20871984649122807 0.0381341374269006 0.03330043859649123
0 0.5635361842105263 0.2412390350877193 0.022052266081871358 0.047171052631578926
0 0.927936769005848 0.17692434210526314 0.0222953216374269 0.05012335526315787
0 0.9830043859649122 0.3443777412280702 0.025219298245614034 0.05425164473684207
0 0.3562372076023392 0.9214610745614035 0.049707602339181284 0.14847861842105253
0 0.6704440789473685 0.8988157894736842 0.051900584795321635 0.052017543859649185
0 0.08576937134502924 0.27844298245614035 0.03996162280701754 0.03568530701754385
0 0.05287463450292398 0.3023766447368421 0.04239766081871345 0.036038925438596436
0 0.012183845029239766 0.972952302631579 0.024365862573099417 0.05409265350877191
