0 0.2899305555555556 0.14961622807017544 0.038011695906432746 0.03168585526315789
0 0.014300073099415205 0.11145285087719298 0.02860014619883041 0.02800438596491227
0 0.06578947368421052 0.12166118421052631 0.030153508771929825 0.025120614035087717
0 0.4255299707602339 0.008360745614035088 0.030519005847953216 0.016721491228070175
0 0.6336805555555556 0.20244243421052632 0.03837719298245614 0.029059758771929824
0 0.6260508040935673 0.2847286184210526 0.04778874269005848 0.0332730263157895
0 0.6874086257309941 0.28739857456140355 0.047149122807017545 0.04546874999999997
0 0.7431926169590644 0.3022697368421053 0.0335343567251462 0.02997807017543863
0 0.7140899122807017 0.2109375 0.03837719298245614 0.03508771929824561
0 0.7473501461988304 0.18921600877192982 0.017178362573099414 0.04235745614035087
0 0.7650767543859649 0.19175164473684211 0.01608187134502924 0.05153782894736842
0 0.8705683479532164 0.23245065789473685 0.03243786549707602 0.031513157894736854
0 0.84078033625731 0.05951754385964912 0.03134137426900585 0.03104166666666667
0 0.8714364035087719 0.06369791666666667 0.02412280701754386 0.021584429824561407
0 0.8816703216374269 0.07870339912280702 0.029970760233918127 0.02007127192982457
0 0.98734466374269 0.2456058114035088 0.025310672514619884 0.03041118421052633
0 0.9490588450292398 0.33323739035087724 0.0377375730994152 0.03160635964912286
0 0.47944078947368424 0.34601151315789475 0.01864035087719298 0.043445723684210465
0 0.6534173976608187 0.41740405701754385 0.03399122807017544 0.02998629385964909
0 0.43320540935672514 0.7574506578947368 0.024853801169590642 0.07137061403508763
0 0.4120065789473684 0.9357565789473684 0.029970760233918127 0.10177357456140337
0 0.8805738304093568 0.4040049342105263 0.03874269005847953 0.03060032894736845
0 0.8845942982456141 0.43518092105263156 0.035818713450292396 0.028530701754385945
0 0.8910361842105263 0.4586814692982456 0.04413377192982456 0.03304276315789473
