0 0.25922880116959063 0.0646765350877193 0.03874269005847953 0.029024122807017542
0 0.4041483918128655 0.13209429824561403 0.01425438596491228 0.04324561403508772
0 0.3939144736842105 0.3398327850877193 0.023026315789473683 0.04754111842105259
0 0.09461805555555555 0.3682702850877193 0.041209795321637425 0.02902960526315792
0 0.13916301169590642 0.3703262061403509 0.05080409356725146 0.024917763157894762
0 0.21313048245614036 0.742234100877193 0.049798976608187134 0.03545504385964916
0 0.36933479532163743 0.9041776315789474 0.02320906432748538 0.08110471491228068
0 0.4005391081871345 0.7833059210526315 0.053636695906432746 0.040016447368420936
0 0.5488852339181286 0.6960827850877193 0.05884502923976608 0.04457785087719295
0 0.41191520467836257 0.6614802631578948 0.024305555555555556 0.06994517543859645
0 0.421875 0.5919791666666666 0.046052631578947366 0.026888706140350917
0 0.4746893274853801 0.5873876096491228 0.05665204678362573 0.03278234649122811
0 0.7011604532163743 0.10948464912280702 0.015259502923976608 0.03914473684210525
0 0.7112573099415205 0.08817708333333334 0.016264619883040937 0.03901589912280703
