0 0.38986293859649124 0.02098410087719298 0.024365862573099403 0.04196820175438596
0 0.4422514619883041 0.0942516447368421 0.041423611111111126 0.03280153508771929
0 0.2299579678362573 0.14577576754385965 0.03228618421052633 0.02620065789473684
0 0.39747807017543857 0.2794270833333333 0.018883406432748526 0.03948190789473684
0 0.41885964912280704 0.27293859649122804 0.019005847953216373 0.04660910087719297
0 0.40350877192982454 0.242609649122807 0.017543859649122806 0.03712171052631581
0 0.0133406432748538 0.2689144736842105 0.0266812865497076 0.03125
0 0.4352467105263158 0.8021436403508772 0.05056103801169592 0.037768640350877125
0 0.33296783625730997 0.8918558114035087 0.049464546783625746 0.03809484649122814
0 0.6451023391812866 0.9608634868421053 0.020710891812865485 0.07560032894736841
0 0.970577485380117 0.1105126096491228 0.019859283625731007 0.032428728070175425
0 0.9858680555555556 0.33432839912280704 0.027289839181286538 0.06704769736842109
0 0.9127065058479532 0.22169133771929825 0.03326023391812866 0.02635142543859652
0 0.5433114035087719 0.4384758771929824 0.04008223684210525 0.03411458333333328
