0 0.44403326023391815 0.060290570175438596 0.02366593567251462 0.04217927631578947
0 0.2353344298245614 0.11564967105263158 0.022934941520467836 0.04325109649122806
0 0.37020285087719296 0.15066063596491228 0.02585891812865497 0.04337445175438597
0 0.37417763157894735 0.11181469298245614 0.023757309941520467 0.03558114035087718
0 0.4239309210526316 0.23925438596491228 0.04559576023391813 0.03826480263157892
0 0.18727156432748537 0.30311129385964913 0.040113304093567254 0.028919956140350877
0 0.39629020467836257 0.46730263157894736 0.02046783625730994 0.06124725877192978
0 0.37184758771929827 0.4712746710526316 0.018183479532163743 0.05549067982456136
0 0.38029970760233917 0.4251644736842105 0.019554093567251463 0.04687774122807024
0 0.5317982456140351 0.6765433114035089 0.04842836257309942 0.039761513157894786
0 0.8165204678362573 0.28996984649122803 0.044042397660818716 0.030052083333333365
0 0.9117324561403509 0.40089912280701756 0.03344298245614035 0.028495065789473636
0 0.9531706871345029 0.4081606359649123 0.036823830409356724 0.02383497807017539
