0 0.9879385964912281 0.09397752192982456 0.02412280701754386 0.045043859649122824
0 0.9918676900584795 0.13610197368421054 0.016264619883040937 0.0381030701754386
0 0.6338322368421052 0.7968612938596491 0.02863121345029241 0.07471765350877185
0 0.46832419590643276 0.12311951754385965 0.03508771929824561 0.03205866228070177
0 0.14912280701754385 0.13262061403508774 0.03508771929824561 0.029131030701754396
0 0.25560489766081873 0.20360197368421054 0.023879751461988317 0.037686403508771935
0 0.23994883040935672 0.30102521929824566 0.03764619883040936 0.031513157894736854
0 0.2713815789473684 0.31281250000000005 0.027412280701754384 0.03132401315789473
0 0.262719298245614 0.33131578947368423 0.02982456140350874 0.02096491228070176
0 0.03179824561403509 0.3559484649122807 0.04532163742690058 0.03514254385964907
