0 0.3723958333333333 0.01050438596491228 0.03024488304093567 0.02100877192982456
0 0.2970577485380117 0.023728070175438598 0.03033625730994152 0.02525219298245614
0 0.2805646929824561 0.10245339912280702 0.038468567251461985 0.027820723684210527
0 0.2738486842105263 0.13862938596491228 0.03508771929824561 0.017938596491228084
0 0.26882309941520466 0.15870339912280704 0.030519005847953216 0.023824013157894758
0 0.2643914473684211 0.19536184210526314 0.0335343567251462 0.02175164473684208
0 0.2562591374269006 0.23701754385964913 0.03737207602339181 0.022828947368421046
0 0.25201023391812866 0.2596271929824561 0.03709795321637427 0.021450109649122806
0 0.2452485380116959 0.2862801535087719 0.03819444444444445 0.029523026315789454
0 0.4215551900584795 0.3498629385964912 0.03718932748538012 0.02510964912280699
0 0.6842105263157895 0.35589364035087717 0.04623538011695907 0.02620339912280706
0 0.730765716374269 0.3550712719298246 0.0379203216374269 0.03004111842105267
0 0.8945084064327485 0.2253015350877193 0.03280336257309942 0.02543859649122806
0 0.8760508040935673 0.16466557017543862 0.03243786549707602 0.02615131578947371
0 0.8643092105263158 0.12800986842105264 0.03179824561403509 0.028220942982456153
0 0.8579130116959064 0.09237938596491228 0.03728070175438596 0.02823739035087719
0 0.8440241228070176 0.047982456140350876 0.031432748538011694 0.021677631578947365
0 0.7690972222222222 0.025783991228070176 0.02412280701754386 0.021140350877192984
0 0.7695084064327485 0.04024122807017544 0.02768640350877193 0.01304824561403509
0 0.8376279239766082 0.03119791666666667 0.03326023391812866 0.01688870614035088
0 0.8352521929824561 0.011737938596491228 0.035818713450292396 0.021831140350877194
0 0.725922880116959 0.4364967105263158 0.03737207602339181 0.028421052631578902
0 0.44819078947368424 0.9794133771929825 0.05847953216374269 0.03694901315789473
0 0.2088358918128655 0.7556935307017544 0.05765716374269006 0.034961622807017534
0 0.7670413011695907 0.005328947368421053 0.017269736842105265 0.010657894736842106
