0 0.3905793128654971 0.5674835526315789 0.04285453216374269 0.04231359649122804
0 0.4140168128654971 0.4739610745614035 0.044956140350877194 0.0265953947368421
0 0.44138340643274854 0.20108552631578946 0.03481359649122807 0.02635142543859652
0 0.5083150584795322 0.16196271929824563 0.02887426900584795 0.02348958333333335
0 0.02238669590643275 0.04831962719298246 0.029239766081871343 0.02920504385964913
0 0.056834795321637425 0.013925438596491228 0.019554093567251463 0.027850877192982456
0 0.08342470760233918 0.06846217105263158 0.019736842105263157 0.033854166666666664
0 0.09466374269005848 0.04105811403508772 0.014802631578947368 0.02838541666666667
0 0.20207419590643275 0.2665871710526316 0.029513888888888888 0.02577302631578947
0 0.1360562865497076 0.6194599780701754 0.033625730994152045 0.07225328947368419
0 0.10681652046783625 0.7792571271929825 0.04824561403508772 0.040970394736842115
0 0.1549250730994152 0.7943311403508772 0.04486476608187134 0.03822368421052621
0 0.14135599415204678 0.8270120614035088 0.04422514619883041 0.036428179824561494
0 0.9184941520467836 0.10699835526315789 0.02503654970760234 0.025951206140350867
0 0.9823647660818714 0.10576480263157895 0.023026315789473683 0.03170504385964911
0 0.9275402046783626 0.034714912280701754 0.015716374269005847 0.03899945175438597
0 0.9911366959064327 0.13584429824561403 0.017726608187134504 0.03292763157894737
