0 0.08803910818713451 0.012423245614035088 0.020741959064327485 0.024846491228070176
0 0.28476790935672514 0.258390899122807 0.021290204678362575 0.04913103070175436
0 0.11504020467836257 0.47715186403508775 0.03545321637426901 0.05902138157894735
0 0.04486476608187134 0.7874396929824561 0.04861111111111111 0.03814692982456137
0 0.35645102339181284 0.6646600877192982 0.06140350877192982 0.03929550438596501
0 0.28591008771929827 0.5227439692982456 0.02631578947368421 0.06659813596491224
0 0.2989309210526316 0.4670422149122807 0.02585891812865497 0.05524671052631578
0 0.3829495614035088 0.38735745614035083 0.023026315789473683 0.05898300438596493
0 0.8590095029239766 0.729078947368421 0.0577485380116959 0.04203947368421044
0 0.9242050438596491 0.8932730263157894 0.04285453216374269 0.04148026315789466
0 0.9799433479532164 0.9034813596491228 0.040113304093567254 0.038596491228070226
0 0.29194078947368424 0.9766995614035088 0.023757309941520467 0.046600877192982455
0 0.5625 0.08629660087719299 0.02942251461988304 0.02840734649122807
0 0.611202485380117 0.060054824561403514 0.015350877192982455 0.04033991228070176
0 0.9222404970760234 0.20023848684210527 0.023391812865497075 0.027398574561403523
