0 0.9659484649122807 0.9300603070175439 0.04958516081871344 0.04506030701754389
0 0.7382437865497076 0.8889501096491228 0.059576023391812866 0.04690515350877184
0 0.7857584064327485 0.8471052631578947 0.027900219298245627 0.08383223684210518
0 0.8110380116959064 0.8544133771929825 0.026072733918128668 0.0838294956140352
0 0.745796783625731 0.7593146929824561 0.021076388888888877 0.0708963815789474
0 0.6284119152046784 0.8701315789473684 0.043371710526315777 0.04216282894736853
0 0.911610014619883 0.5821628289473684 0.048123172514619866 0.043711622807017556
0 0.9551041666666666 0.5909347587719298 0.04008223684210525 0.03201480263157894
0 0.9710654239766082 0.6238212719298245 0.04519919590643273 0.03930921052631569
0 0.7993421052631579 0.44554824561403505 0.012426900584795321 0.03181469298245612
0 0.7450657894736842 0.2992708333333333 0.039108187134502925 0.03348410087719301
0 0.9143512426900585 0.1501809210526316 0.03289473684210526 0.027700109649122794
0 0.5137061403508771 0.02936951754385965 0.012549342105263171 0.030962171052631583
0 0.5082236842105263 0.06426809210526316 0.01864035087719298 0.038621162280701754
0 0.46345029239766083 0.017310855263157895 0.015593932748537999 0.03462171052631579
0 0.4882437865497076 0.22304002192982456 0.017666301169590656 0.04549616228070176
0 0.3372313596491228 0.4771765350877193 0.04093567251461988 0.03293585526315792
0 0.12110197368421052 0.7684155701754386 0.05701754385964912 0.045235745614035205
0 0.8590405701754386 0.011992872807017545 0.014862938596491215 0.02179550438596491
0 0.10440972222222222 0.1731825657894737 0.045564692982456134 0.03715186403508771
