0 0.9381085526315789 0.02060032894736842 0.024365862573099403 0.041197916666666674
0 0.3458205409356725 0.04846491228070176 0.03252923976608187 0.023462171052631587
0 0.32821637426900585 0.07376918859649123 0.03265168128654972 0.021077302631578945
0 0.4541904239766082 0.08856907894736843 0.031189692982456153 0.02509046052631578
0 0.4746582602339181 0.2501754385964912 0.038011695906432746 0.02483826754385962
0 0.23349232456140354 0.43813048245614034 0.041789108187134515 0.03342379385964908
0 0.021198830409356724 0.1062390350877193 0.022903874269005847 0.03667214912280701
0 0.054093567251461985 0.16178179824561403 0.025341739766081863 0.045419407894736856
0 0.07133223684210525 0.12606085526315788 0.022052266081871337 0.037944078947368426
0 0.2440296052631579 0.5975986842105263 0.02266081871345029 0.05813870614035092
0 0.32663194444444443 0.7773355263157894 0.04654057017543861 0.03932017543859638
0 0.3732949561403509 0.7839144736842105 0.03996162280701756 0.03785635964912291
0 0.3769499269005848 0.830688048245614 0.047271564327485395 0.03637335526315778
0 0.8249872076023391 0.878374451754386 0.04788011695906433 0.04037280701754379
0 0.721796418128655 0.5892845394736842 0.02424524853801171 0.06892269736842108
0 0.7670559210526315 0.48327850877192985 0.038011695906432746 0.03234649122807018
0 0.49451754385964913 0.06218750000000001 0.03630665204678364 0.03263157894736842
0 0.2992817982456141 0.30520833333333336 0.027169225146198843 0.0362198464912281
