0 0.5021326754385965 0.8909402412280703 0.055190058479532164 0.04723135964912286
0 0.05482456140350877 0.9308552631578948 0.041423611111111105 0.10330592105263149
0 0.14497989766081873 0.4586321271929824 0.03654970760233918 0.030570175438596487
0 0.41453399122807016 0.37712445175438597 0.03837719298245614 0.0356825657894737
0 0.49074013157894736 0.3274287280701754 0.03606176900584794 0.03131853070175439
0 0.01924890350877193 0.21273848684210528 0.033625730994152045 0.041337719298245604
0 0.08406432748538012 0.057982456140350885 0.02680372807017544 0.03519188596491229
0 0.11525402046783625 0.01822642543859649 0.02582785087719297 0.026949013157894736
0 0.055738304093567254 0.012195723684210527 0.0298483187134503 0.024391447368421054
0 0.6468384502923976 0.020148026315789474 0.01699561403508772 0.04029605263157895
0 0.9504148391812866 0.2568612938596491 0.036792763157894724 0.0363843201754386
0 0.9395705409356725 0.29404605263157896 0.027289839181286538 0.01754934210526315
0 0.9715515350877193 0.07532072368421053 0.02180738304093566 0.044281798245614026
0 0.9295193713450293 0.045263157894736845 0.023026315789473683 0.04447642543859649
0 0.5677394005847953 0.10206688596491227 0.043859649122807015 0.03746984649122805
