0 0.5329861111111112 0.4702604166666667 0.03892543859649123 0.04358826754385958
0 0.5969480994152047 0.46094024122807015 0.05720029239766082 0.04688322368421058
0 0.6663925438596491 0.4631332236842105 0.05720029239766082 0.040304276315789526
0 0.8006213450292398 0.37611842105263155 0.02412280701754386 0.04993421052631575
0 0.8525219298245614 0.45874725877192984 0.03289473684210526 0.06442160087719291
0 0.7483552631578947 0.0891748903508772 0.021929824561403508 0.04074013157894737
0 0.7319078947368421 0.0190515350877193 0.025584795321637425 0.0381030701754386
0 0.6237207602339181 0.32110197368421056 0.03125 0.026524122807017603
0 0.40008223684210525 0.3176754385964913 0.036275584795321635 0.022415021929824558
0 0.3996710526315789 0.3430263157894737 0.03271198830409357 0.026515899122807024
0 0.39921418128654973 0.3714610745614035 0.04093567251461988 0.029928728070175395
0 0.30308845029239767 0.4755372807017544 0.04239766081871345 0.031115679824561465
0 0.36800986842105265 0.6022916666666667 0.03974780701754386 0.029690241228070284
0 0.5015990497076024 0.6285279605263158 0.018183479532163743 0.061609100877192985
0 0.5243969298245614 0.628530701754386 0.020833333333333332 0.056126644736842105
0 0.5614948830409356 0.5941365131578947 0.043859649122807015 0.033941885964912204
0 0.6649305555555556 0.5928344298245614 0.04239766081871345 0.02996984649122805
0 0.5612207602339181 0.7038267543859649 0.019554093567251463 0.0655509868421053
0 0.20550073099415206 0.6033881578947368 0.05555555555555555 0.031883223684210635
0 0.3031341374269006 0.9655126096491228 0.04523026315789474 0.032453399122807106
0 0.35603983918128657 0.9664720394736842 0.054184941520467836 0.037110745614035115
0 0.29714912280701755 0.9136458333333334 0.04696637426900585 0.034257127192982524
0 0.31240862573099415 0.18964364035087722 0.02448830409356725 0.04046874999999997
0 0.3294956140350877 0.013020833333333334 0.0222953216374269 0.026041666666666668
0 0.3470394736842105 0.01421326754385965 0.022478070175438597 0.0284265350877193
0 0.37166483918128657 0.01503563596491228 0.025127923976608187 0.03007127192982456
0 0.3940972222222222 0.014761513157894738 0.027046783625730993 0.029523026315789475
0 0.42557565789473684 0.021132127192982457 0.01964546783625731 0.04199013157894737
0 0.1283808479532164 0.16672697368421052 0.025584795321637425 0.052203947368421065
0 0.0381030701754386 0.03805646929824562 0.02046783625730994 0.033349780701754386
0 0.08680555555555555 0.043196271929824566 0.024671052631578948 0.02855263157894737
0 0.016721491228070175 0.8524808114035087 0.03252923976608187 0.08736293859649118
