0 0.19468749999999999 0.16514254385964913 0.023879751461988317 0.04300164473684207
0 0.38060489766081873 0.35050164473684214 0.03508771929824561 0.024468201754386024
0 0.609892178362573 0.2465405701754386 0.03557565789473686 0.02487938596491228
0 0.5724287280701754 0.01632675438596491 0.017909356725146198 0.032286184210526314
0 0.9053965643274854 0.05332510964912281 0.03326023391812866 0.02404879385964913
0 0.9639985380116959 0.051132127192982456 0.04081323099415203 0.026973684210526327
0 0.8637920321637427 0.22698739035087717 0.02680372807017545 0.055216557017543876
0 0.8792635233918129 0.3004358552631579 0.026072733918128668 0.0559155701754386
0 0.7899616228070175 0.17427905701754384 0.015593932748537999 0.03203673245614032
0 0.9505354532163742 0.5051123903508772 0.04434758771929826 0.03398026315789475
0 0.947125365497076 0.5868722587719298 0.03265168128654972 0.060438596491228014
0 0.8332108918128655 0.5623903508771929 0.041178728070175426 0.03340734649122804
0 0.8654970760233918 0.5382702850877192 0.025341739766081884 0.05826754385964911
0 0.852156432748538 0.46993969298245614 0.0266812865497076 0.05318256578947362
0 0.9072240497076023 0.7575603070175438 0.03447916666666668 0.07286732456140343
0 0.9022898391812866 0.8572313596491228 0.05019554093567253 0.047428728070175556
0 0.9069206871345029 0.9590186403508771 0.049707602339181284 0.042672697368421074
0 0.17300255847953216 0.7788706140350877 0.05360562865497077 0.03325109649122812
0 0.3076260964912281 0.4086430921052632 0.03776864035087721 0.023791118421052623
0 0.390656067251462 0.11546600877192983 0.03935124269005846 0.024062499999999994
