0 0.32648026315789475 0.021474780701754386 0.038011695906432746 0.030342653508771928
0 0.5004568713450293 0.18132127192982458 0.016812865497076022 0.04164747807017546
0 0.6391630116959064 0.06450383771929824 0.034722222222222224 0.023199013157894736
0 0.632218567251462 0.1327467105263158 0.04276315789473684 0.033582785087719294
0 0.6880025584795322 0.13397752192982457 0.04376827485380117 0.03879111842105263
0 0.7369791666666666 0.14878015350877194 0.032072368421052634 0.02453125
0 0.7124451754385965 0.07354714912280702 0.03874269005847953 0.03032072368421053
0 0.7428728070175439 0.0588843201754386 0.013706140350877192 0.036631030701754386
0 0.7584978070175439 0.060117872807017546 0.013888888888888888 0.04183662280701755
0 0.7204861111111112 0.023530701754385965 0.014619883040935672 0.037192982456140354
0 0.8540752923976608 0.0928700657894737 0.029605263157894735 0.027845394736842118
0 0.9702119883040936 0.10808114035087718 0.04075292397660819 0.02811129385964911
0 0.8589638157894737 0.23128837719298245 0.03664108187134503 0.025074013157894745
0 0.8628472222222222 0.2528015350877193 0.03252923976608187 0.021502192982456154
0 0.8665021929824561 0.2769873903508772 0.03983918128654971 0.024643640350877218
0 0.9101790935672515 0.6926726973684211 0.035818713450292396 0.09120888157894724
0 0.9622167397660819 0.7132976973684211 0.038468567251461985 0.06530153508771937
0 0.9881670321637427 0.7172697368421053 0.02366593567251462 0.07050712719298247
0 0.4149305555555556 0.8969078947368421 0.02850877192982456 0.08301809210526326
0 0.45111476608187134 0.8338788377192982 0.05701754385964912 0.044676535087719176
0 0.4487390350877193 0.6367406798245614 0.0266812865497076 0.07391995614035084
0 0.46408991228070173 0.5043256578947368 0.020833333333333332 0.05580043859649121
0 0.6564327485380117 0.23760416666666667 0.030884502923976608 0.026746162280701737
0 0.9234740497076024 0.16965186403508772 0.034082602339181284 0.022420504385964903
