0 0.8266319444444444 0.03512609649122807 0.03289473684210526 0.029682017543859646
0 0.8218201754385965 0.08326754385964912 0.022052266081871358 0.040074013157894744
0 0.8586750730994153 0.10601699561403509 0.01656980994152048 0.032574013157894745
0 0.9403015350877193 0.18357730263157895 0.033625730994152045 0.02504934210526319
0 0.9918676900584795 0.18174342105263158 0.016264619883040937 0.0268640350877193
0 0.9021070906432749 0.40311677631578946 0.03399122807017544 0.06391173245614037
0 0.9209923245614036 0.4954769736842105 0.03033625730994152 0.06770833333333333
0 0.817922149122807 0.3442872807017544 0.02400036549707601 0.04858826754385965
0 0.8959557748538012 0.7117927631578947 0.03265168128654972 0.07087719298245625
0 0.8818220029239766 0.8350328947368421 0.04824561403508772 0.0377549342105262
0 0.6162280701754386 0.43362116228070174 0.03849963450292399 0.028061951754385934
0 0.3614766081871345 0.5689172149122806 0.03825475146198829 0.02635964912280698
0 0.2738176169590643 0.6534210526315789 0.04203216374269006 0.03271655701754396
0 0.3717105263157895 0.2716419956140351 0.039230628654970776 0.03305098684210528
0 0.19273940058479533 0.12638706140350878 0.019979897660818702 0.03859375
0 0.572125365497076 0.14273848684210527 0.018517909356725135 0.04388706140350876
0 0.7041904239766081 0.014095394736842105 0.029239766081871343 0.0278234649122807
0 0.529093567251462 0.04678728070175439 0.027485380116959 0.015504385964912281
0 0.5248903508771929 0.06016173245614035 0.03004385964912274 0.015934758771929822
0 0.5585526315789474 0.059613486842105254 0.029385964912280734 0.021417214912280692
