0 0.5407529239766082 0.36639802631578944 0.03740314327485381 0.02336622807017538
0 0.5345997807017544 0.3881387061403509 0.03606176900584794 0.026644736842105214
0 0.5754751461988304 0.39279879385964916 0.04105811403508773 0.023171600877193037
0 0.7568220029239766 0.31807017543859645 0.04190972222222221 0.030877192982456104
0 0.896686769005848 0.2775054824561404 0.024365862573099403 0.05208881578947371
0 0.9072861842105263 0.35324013157894735 0.04312865497076023 0.03360197368421051
0 0.9040570175438597 0.4235827850877193 0.028143274853801168 0.0536705043859649
0 0.8927869152046783 0.23100877192982458 0.03606176900584794 0.02671326754385966
0 0.9354294590643275 0.2260745614035088 0.043371710526315777 0.03512061403508769
0 0.8210288742690058 0.0652905701754386 0.021686769005847966 0.03518914473684211
0 0.8488669590643275 0.020803179824561403 0.03228618421052633 0.024794407894736848
0 0.6224415204678363 0.06920230263157895 0.04361659356725148 0.022905701754385974
0 0.9543731725146198 0.463577302631579 0.019128289473684223 0.03497807017543857
0 0.9156926169590643 0.8471463815789473 0.033137792397660806 0.08391173245614027
