0 0.7658388157894737 0.1923656798245614 0.020955774853801182 0.04993421052631581
0 0.8028143274853801 0.23128015350877193 0.027900219298245627 0.05101425438596489
0 0.6445540935672515 0.2691940789473684 0.05007309941520468 0.03364035087719296
0 0.5830902777777778 0.26517543859649123 0.05019554093567253 0.047527412280701724
0 0.5265588450292398 0.2718448464912281 0.039473684210526314 0.0297998903508772
0 0.4088687865497076 0.19465186403508772 0.038011695906432746 0.023440241228070174
0 0.4083205409356725 0.1715378289473684 0.03326023391812866 0.022902960526315776
0 0.4085654239766082 0.14796874999999998 0.033748172514619895 0.02327850877192983
0 0.3224287280701754 0.275063048245614 0.03447916666666668 0.030753837719298228
0 0.38084795321637427 0.3738157894736842 0.03557565789473686 0.02906524122807023
0 0.2412280701754386 0.3771052631578948 0.05360562865497075 0.028333333333333367
0 0.5521436403508772 0.3694325657894737 0.037037646198830425 0.02760690789473685
0 0.640107821637427 0.36660087719298246 0.027777777777777776 0.02742324561403508
0 0.5006706871345029 0.3879742324561403 0.013280336257309955 0.03728070175438596
0 0.5185800438596492 0.3897121710526316 0.017421418128654956 0.03527138157894739
0 0.5500730994152047 0.4532017543859649 0.020710891812865485 0.04711896929824558
0 0.9831871345029239 0.6399725877192982 0.03167580409356724 0.03323190789473672
0 0.322733918128655 0.6109594298245614 0.04361659356725148 0.03734374999999988
0 0.3304093567251462 0.6496025219298246 0.037037646198830425 0.036047149122807015
0 0.3774981725146199 0.6501507675438597 0.052023026315789485 0.04079769736842103
0 0.026803728070175437 0.6332456140350877 0.029239766081871343 0.06729714912280702
0 0.4870248538011696 0.8131633771929825 0.015228435672514607 0.059808114035087796
