0 0.45723684210526316 0.036006030701754385 0.016264619883040937 0.04021381578947368
0 0.415250365497076 0.06766173245614035 0.03737207602339181 0.029509320175438607
0 0.4303728070175439 0.21120065789473685 0.02101608187134503 0.043837719298245634
0 0.5886787280701754 0.32308936403508776 0.0333516081871345 0.030496162280701754
0 0.17132675438596492 0.256765350877193 0.03837719298245614 0.029429824561403483
0 0.06656615497076024 0.23524945175438597 0.041758040935672515 0.03300164473684213
0 0.0911001461988304 0.19263157894736843 0.027777777777777776 0.04918859649122809
0 0.11686769005847954 0.175984100877193 0.02448830409356725 0.03645285087719299
0 0.013249269005847953 0.3270915570175439 0.025584795321637425 0.024797149122807026
0 0.029331140350877194 0.3564857456140351 0.024853801169590642 0.03287006578947364
0 0.3825840643274854 0.5016282894736842 0.0222953216374269 0.06274122807017547
0 0.45234831871345027 0.5321189692982456 0.01653874269005848 0.056559758771929806
0 0.4438048245614035 0.5958360745614035 0.02046783625730994 0.07160635964912287
0 0.21025219298245615 0.7203399122807018 0.035818713450292396 0.02456140350877203
0 0.40081323099415206 0.9238952850877192 0.02677266081871345 0.07668311403508767
0 0.7307200292397661 0.813780153508772 0.04532163742690058 0.04148300438596489
0 0.7582693713450293 0.45383771929824557 0.03993055555555555 0.030205592105263173
0 0.6537828947368421 0.03900767543859649 0.031067251461988302 0.02976699561403509
