0 0.4013760964912281 0.056502192982456144 0.016935307017543873 0.03953947368421053
0 0.34892726608187136 0.04828125 0.015593932748537999 0.03405975877192982
0 0.3528874269005848 0.01617324561403509 0.02010233918128655 0.03234649122807018
0 0.7448830409356725 0.12237116228070176 0.03265168128654972 0.02324835526315791
0 0.7836860380116959 0.11962993421052633 0.031067251461988302 0.028730811403508787
0 0.8674470029239766 0.11716282894736843 0.038985745614035075 0.029279057017543877
0 0.5889382309941521 0.12145559210526316 0.03265168128654972 0.025076754385964916
0 0.7143037280701755 0.09450383771929824 0.017786915204678348 0.0424451754385965
0 0.9731359649122807 0.01749451754385965 0.022538377192982444 0.03279605263157895
0 0.7242324561403509 0.26250548245614036 0.014497441520467823 0.044015899122807
0 0.7355025584795322 0.23509868421052632 0.021198830409356724 0.04768366228070177
0 0.3823099415204678 0.5509895833333334 0.019005847953216373 0.056291118421052604
0 0.41136695906432746 0.8811677631578947 0.051535087719298246 0.03316611842105257
0 0.4746582602339181 0.8757757675438597 0.06237755847953215 0.03517817982456138
0 0.4005244883040936 0.9665570175438597 0.027412280701754384 0.0668859649122807
0 0.09740497076023392 0.13152412280701756 0.035210160818713455 0.026938048245614046
0 0.039778874269005844 0.5895230263157895 0.049099049707602344 0.0346765350877193
0 0.0914345760233918 0.5942735745614035 0.05981907894736843 0.03686677631578941
