0 0.05787097953216375 0.5761814692982455 0.0402046783625731 0.07012609649122806
0 0.15515350877192982 0.5198163377192982 0.03082419590643276 0.07618146929824557
0 0.1990734649122807 0.5231058114035088 0.022903874269005836 0.05352247807017544
0 0.22642543859649122 0.5227412280701754 0.02278326023391814 0.06010142543859649
0 0.2565186403508772 0.5282209429824561 0.026924342105263146 0.06375274122807022
0 0.31347404970760234 0.5262116228070175 0.025096856725146187 0.056080043859649105
0 0.33546600877192984 0.5265762061403509 0.02887426900584795 0.07142817982456146
0 0.3639126461988304 0.5254824561403509 0.01876279239766083 0.06192708333333329
0 0.4257437865497076 0.531968201754386 0.02180738304093566 0.06210800438596489
0 0.42805738304093566 0.36944901315789475 0.02887426900584795 0.04226151315789475
0 0.6557017543859649 0.6430043859649123 0.04434758771929826 0.0374725877192982
0 0.11811586257309942 0.9294599780701754 0.04739217836257308 0.034725877192982535
0 0.8949798976608186 0.5468722587719298 0.03557565789473686 0.11567434210526316
0 0.8779239766081871 0.4649342105263158 0.02582785087719297 0.0486540570175438
0 0.8715880847953216 0.40975603070175437 0.027777777777777776 0.05525767543859647
0 0.9316520467836257 0.34242872807017544 0.03825475146198829 0.03208059210526321
0 0.9769736842105263 0.342702850877193 0.046052631578947366 0.034457236842105214
0 0.8422277046783626 0.2732730263157895 0.025096856725146187 0.0491036184210526
0 0.7444572368421053 0.4805592105263158 0.04519919590643273 0.030559210526315793
0 0.7641319444444444 0.12328125000000001 0.017543859649122806 0.04334703947368423
0 0.5930793128654971 0.006716008771929825 0.04093567251461988 0.01343201754385965
0 0.47907529239766083 0.033717105263157895 0.020285087719298246 0.06743421052631579
0 0.5219298245614035 0.0078125 0.030213815789473672 0.015625
