0 0.5919828216374269 0.030668859649122807 0.031432748538011694 0.029906798245614038
0 0.7342233187134503 0.11234100877192982 0.03447916666666668 0.021466557017543877
0 0.8488066520467836 0.0390734649122807 0.01876279239766083 0.03940241228070176
0 0.9332364766081871 0.3001644736842105 0.038985745614035075 0.031614583333333314
0 0.9434082602339181 0.850359100877193 0.0556779970760234 0.046477521929824614
0 0.9861111111111112 0.8570285087719298 0.027777777777777776 0.03606085526315794
0 0.2850877192982456 0.7334868421052633 0.04873355263157896 0.03933936403508778
0 0.028569078947368425 0.3508141447368421 0.051047149122807015 0.03422971491228067
0 0.46271929824561403 0.400874451754386 0.019005847953216373 0.046633771929824534
0 0.43396747076023395 0.1426672149122807 0.019979897660818702 0.0455701754385965
0 0.4920193713450292 0.16212719298245615 0.013035453216374256 0.03880208333333332
0 0.485562865497076 0.2048793859649123 0.017178362573099414 0.05120614035087718
0 0.7510361842105263 0.49273848684210525 0.043737207602339165 0.03664747807017545
0 0.014619883040935672 0.02189967105263158 0.029239766081871343 0.03429550438596491
0 0.0804093567251462 0.02774671052631579 0.03411366959064328 0.02405975877192982
