0 0.6479038742690059 0.07853618421052631 0.019005847953216373 0.05254111842105262
0 0.6887792397660819 0.10631030701754386 0.01425438596491228 0.03498903508771929
0 0.7379385964912281 0.03368421052631579 0.01632492690058478 0.034106359649122814
0 0.7882547514619883 0.04382401315789474 0.017055921052631564 0.034284539473684206
0 0.8345522660818714 0.0479358552631579 0.017055921052631564 0.03336896929824562
0 0.8622076023391813 0.05085800438596491 0.01632492690058478 0.03190789473684211
0 0.8518512426900585 0.10841282894736842 0.03216374269005848 0.026400767543859633
0 0.6953581871345029 0.21081962719298247 0.017666301169590656 0.0466365131578947
0 0.6557620614035088 0.2582319078947368 0.018883406432748526 0.048259320175438616
0 0.7856359649122807 0.3790953947368421 0.03983918128654971 0.035967653508771937
0 0.8428965643274854 0.38421052631578945 0.0422752192982456 0.031578947368421005
0 0.9326260964912281 0.31231359649122803 0.020710891812865485 0.04677631578947365
0 0.7013285818713451 0.6457017543859649 0.0222953216374269 0.06845394736842113
0 0.6003892543859649 0.43376370614035087 0.04580957602339183 0.039311951754385926
0 0.542154605263158 0.42992872807017546 0.03654970760233918 0.027985197368421092
0 0.5537883771929825 0.4957949561403509 0.041544225146198814 0.026313048245613976
0 0.7129020467836257 0.8943393640350877 0.023514254385964925 0.06682017543859656
0 0.584186769005848 0.886203399122807 0.025584795321637425 0.09623903508771928
0 0.5311275584795322 0.8741474780701755 0.02059027777777779 0.07212719298245611
0 0.4663139619883041 0.7445202850877194 0.04203216374269006 0.03765076754385975
0 0.49780701754385964 0.8717735745614035 0.020955774853801182 0.07833881578947362
0 0.4622313596491228 0.8670202850877192 0.027777777777777776 0.08345668859649118
0 0.39717288011695906 0.8623629385964913 0.024365862573099403 0.07231359649122812
0 0.3672021198830409 0.858889802631579 0.027777777777777776 0.08364309210526319
0 0.336500365497076 0.8635498903508771 0.024853801169590642 0.07286184210526321
0 0.2658388157894737 0.8458278508771929 0.029727704678362585 0.07762061403508767
0 0.040447733918128656 0.6980208333333333 0.05165752923976608 0.034199561403508834
0 0.09643092105263157 0.020529057017543855 0.023514254385964915 0.03703673245614036
0 0.07809393274853801 0.10941611842105263 0.036792763157894745 0.030235745614035074
0 0.05043859649122807 0.1405674342105263 0.02290387426900585 0.0395422149122807
0 0.4312262426900585 0.15353892543859649 0.015716374269005847 0.04720942982456141
0 0.49159356725146197 0.16212719298245615 0.015838815789473697 0.03880208333333332
0 0.4298245614035088 0.2495531798245614 0.01656980994152048 0.03638706140350877
