0 0.14702119883040934 0.07000274122807018 0.02266081871345029 0.04242050438596491
0 0.1505391081871345 0.10707236842105264 0.02147295321637427 0.03842927631578949
0 0.2118969298245614 0.11337445175438596 0.017178362573099414 0.04007127192982455
0 0.22245065789473684 0.06240131578947368 0.03554459064327485 0.02036184210526315
0 0.1671235380116959 0.22299890350877194 0.02266081871345029 0.04550438596491228
0 0.12509137426900585 0.12851973684210527 0.029970760233918127 0.025128837719298233
0 0.1530062134502924 0.2811732456140351 0.03919956140350877 0.02341831140350876
0 0.23652229532163743 0.26020285087719297 0.023483187134502925 0.050010964912280714
0 0.14455409356725146 0.33358552631578947 0.04148391812865497 0.033673245614035126
0 0.37143640350877194 0.6463760964912281 0.029239766081871343 0.06715186403508779
0 0.3999451754385965 0.6363048245614035 0.02412280701754386 0.06208607456140345
0 0.4264437134502924 0.6291803728070176 0.029605263157894735 0.06428179824561403
0 0.4701206140350877 0.6054057017543859 0.029239766081871343 0.05922149122807017
0 0.5110105994152047 0.5786842105263158 0.027869152046783627 0.057861842105263135
0 0.5340369152046783 0.569983552631579 0.030062134502923978 0.061016995614035126
0 0.5755208333333334 0.5477138157894736 0.036275584795321635 0.06719298245614032
0 0.6765350877192983 0.5063322368421053 0.03453947368421053 0.06118146929824563
0 0.746984649122807 0.45953673245614035 0.034722222222222224 0.0539391447368421
0 0.6497624269005848 0.6899698464912282 0.03399122807017544 0.05565241228070188
0 0.7498172514619883 0.6246737938596492 0.03490497076023392 0.06348958333333324
0 0.7856816520467836 0.600282346491228 0.03262061403508772 0.05856907894736838
0 0.8292671783625731 0.586030701754386 0.03755482456140351 0.057478070175438614
0 0.7510964912280702 0.3502933114035087 0.0447733918128655 0.04104714912280696
0 0.765031067251462 0.241203399122807 0.03883406432748538 0.03119791666666665
0 0.8183022660818714 0.12949013157894737 0.03755482456140351 0.05174342105263158
0 0.8730354532163743 0.03669133771929824 0.03554459064327485 0.027878289473684207
