0 0.2977576754385965 0.12713815789473684 0.03508771929824561 0.032787828947368425
0 0.09046052631578948 0.17464638157894738 0.0286312134502924 0.01814967105263159
0 0.08461257309941521 0.1863377192982456 0.03155519005847954 0.019605263157894733
0 0.11574013157894737 0.19026589912280703 0.03167580409356724 0.021979166666666685
0 0.10538559941520467 0.28938322368421054 0.02802083333333333 0.0502576754385965
0 0.4058845029239766 0.20771381578947368 0.01864035087719298 0.04407894736842104
0 0.426047149122807 0.15162280701754385 0.035818713450292396 0.030583881578947352
0 0.43323647660818715 0.0899561403508772 0.018517909356725135 0.04431469298245613
0 0.44054641812865497 0.054240679824561405 0.02826571637426902 0.022220394736842106
0 0.47800986842105264 0.047571271929824556 0.03618421052631579 0.02533168859649123
0 0.5305190058479532 0.10548793859649122 0.041301169590643276 0.03517269736842107
0 0.5039601608187134 0.32430372807017543 0.041789108187134515 0.0287225877192983
0 0.5804093567251462 0.3198245614035088 0.049707602339181284 0.03621436403508775
0 0.7060800438596492 0.3443064692982456 0.07322185672514621 0.05593749999999999
0 0.8698830409356725 0.29195997807017543 0.019493786549707615 0.0481030701754386
0 0.8544718567251463 0.24208059210526317 0.02400036549707601 0.05433662280701755
0 0.31712902046783625 0.5215213815789473 0.02266081871345029 0.061315789473684164
0 0.3910215643274854 0.6003563596491228 0.023026315789473683 0.08192982456140353
0 0.3847459795321637 0.7169243421052632 0.023879751461988317 0.08845668859649111
0 0.33235928362573103 0.9117872807017543 0.02631578947368421 0.07430372807017555
0 0.28459978070175435 0.9775219298245614 0.02826571637426902 0.044956140350877194
0 0.05445906432748538 0.647593201754386 0.04800255847953218 0.0356825657894737
