0 0.4494700292397661 0.015309758771929825 0.03179824561403509 0.03061951754385965
0 0.47953216374269003 0.013390899122807018 0.027960526315789474 0.022398574561403508
0 0.48378106725146197 0.03154879385964912 0.03188961988304093 0.024446271929824563
0 0.5561951754385965 0.1923547149122807 0.04422514619883041 0.03492872807017546
0 0.4334795321637427 0.17899396929824563 0.030884502923976608 0.02876644736842107
0 0.4835069444444444 0.2751918859649123 0.036823830409356724 0.02927357456140353
0 0.8556743421052632 0.22921600877192982 0.03737207602339181 0.02915570175438594
0 0.8436586257309941 0.3221929824561403 0.041666666666666664 0.03281524122807018
0 0.9347130847953217 0.21208607456140352 0.02183845029239766 0.041496710526315816
0 0.9754203216374269 0.21688048245614033 0.023757309941520467 0.048347039473684246
0 0.9737298976608187 0.3806469298245614 0.03225511695906433 0.060638706140350884
0 0.9911366959064327 0.3807154605263158 0.017726608187134504 0.06488486842105258
0 0.9418402777777778 0.47990405701754385 0.01781798245614035 0.06177905701754383
0 0.967516447368421 0.4847669956140351 0.03444809941520468 0.06739583333333336
0 0.9904513888888888 0.4898382675438597 0.019097222222222224 0.0638322368421053
0 0.973547149122807 0.6745833333333333 0.05290570175438596 0.08244791666666679
0 0.9184484649122807 0.5909320175438596 0.04047880116959064 0.031644736842105156
0 0.912235014619883 0.6282730263157895 0.02805190058479532 0.033684210526315816
0 0.9209612573099415 0.7652357456140351 0.057383040935672515 0.04033991228070172
0 0.6758040935672515 0.4606798245614035 0.018457602339181287 0.05759868421052629
0 0.6840734649122807 0.8289802631578947 0.02677266081871345 0.07736842105263152
0 0.8386787280701754 0.9349506578947367 0.025310672514619884 0.07275219298245604
0 0.9247076023391813 0.9600274122807018 0.033808479532163746 0.07630482456140342
0 0.4715369152046784 0.5831469298245614 0.029331140350877194 0.05719572368421049
0 0.28554459064327486 0.9217927631578947 0.038011695906432746 0.11222313596491237
0 0.3355720029239766 0.9467489035087718 0.05710891812865497 0.09086622807017532
0 0.37020285087719296 0.951751644736842 0.051443713450292396 0.0885334429824562
0 0.41310307017543857 0.9568229166666666 0.039473684210526314 0.07400767543859638
0 0.44279970760233917 0.9681332236842105 0.038559941520467836 0.06373355263157894
0 0.20458698830409358 0.15537006578947368 0.039108187134502925 0.026751644736842082
0 0.2808845029239766 0.160578399122807 0.0400219298245614 0.0316831140350877
0 0.3190789473684211 0.14276315789473684 0.02138157894736842 0.045391995614035084
0 0.3357090643274854 0.14461074561403509 0.021747076023391813 0.050463267543859644
0 0.28499634502923976 0.25239035087719297 0.03545321637426901 0.028900767543859666
0 0.39190423976608185 0.3450219298245614 0.03728070175438596 0.027765899122807008
0 0.38902595029239767 0.37469024122807015 0.034265350877192985 0.025422149122806957
0 0.38482273391812866 0.40086348684210527 0.04047880116959064 0.031167763157894688
0 0.7610105994152047 0.059860197368421054 0.027138157894736843 0.024873903508771934
0 0.01251827485380117 0.2957593201754386 0.02412280701754386 0.04299890350877197
0 0.17096125730994152 0.23539747807017544 0.04861111111111111 0.033294956140350884
0 0.22779605263157895 0.23649122807017545 0.05263157894736842 0.04645010964912282
