0 0.3642781432748538 0.023432017543859655 0.017055921052631564 0.03553179824561404
0 0.41758040935672514 0.060156249999999994 0.012792397660818713 0.03953673245614035
0 0.34749634502923976 0.25231907894736844 0.017909356725146198 0.05206140350877195
0 0.3458516081871345 0.3017872807017544 0.01827485380116959 0.04957236842105264
0 0.4302357456140351 0.274109100877193 0.03444809941520468 0.027110745614035113
0 0.4081688596491228 0.33768914473684214 0.014985380116959063 0.05010416666666672
0 0.7667671783625731 0.47824287280701755 0.02585891812865497 0.06394462719298245
0 0.39871162280701755 0.5581222587719298 0.020741959064327485 0.06882401315789478
0 0.30327119883040937 0.5397642543859649 0.04276315789473684 0.03210800438596494
0 0.3326937134502924 0.4674095394736842 0.021198830409356724 0.057351973684210474
0 0.28234649122807015 0.6154742324561403 0.046600877192982455 0.034131030701754446
0 0.02106176900584795 0.8968996710526316 0.0421235380116959 0.03365679824561397
0 0.31377923976608185 0.3224287280701754 0.03271198830409357 0.02917489035087715
